日期(0), 名稱(1), 開盤價(2), 高點(3), 低點(4), 收盤價(5), 成交量(6)

2000/01/04,A,37.5,38.9,37.1,38.4,76708
2000/01/04,B,75.5,76.5,74.5,75.5,16394
2000/01/04,C,52,53.5,51,53.5,86212
2000/01/05,A,37.5,39.2,37.5,38,60409
2000/01/05,B,75.5,79.5,75.5,78,23859
2000/01/05,C,53.5,56.5,53.5,56,106415
2000/01/06,A,37.9,38.4,37,37,53245
2000/01/06,B,79,82,79,81,29463
2000/01/06,C,57,57,55,55.5,92246
2000/01/07,A,37,37.9,36.5,36.5,41521
2000/01/07,B,81,82,78,78,15812
2000/01/07,C,56,57,54.5,55,71459
2000/01/10,A,36.8,37.5,36.2,37.3,42792
2000/01/10,B,79,80,78,79,11735
2000/01/10,C,58.5,58.5,57,58,72691
2000/01/11,A,37.7,38.3,35.7,35.7,49967
2000/01/11,B,80.5,84,80,81.5,42895
2000/01/11,C,59.5,60,55,55.5,76755
2000/01/12,A,36,36.9,36,36.1,36607
2000/01/12,B,82,84,81.5,82,23642
2000/01/12,C,56,57,55.5,56.5,38226
2000/01/13,A,36.5,37.5,36.4,36.6,42001
2000/01/13,B,84.5,87.5,84.5,87.5,51444
2000/01/13,C,56.5,58,55.5,56,53845
2000/01/14,A,37.3,37.3,36.3,36.3,27417
2000/01/14,B,89,90.5,88,89,63900
2000/01/14,C,57,57,54.5,54.5,33824
2000/01/15,A,38.8,38.8,37.8,38,85511
2000/01/15,B,91,91,88,88.5,25677
2000/01/15,C,55,56,54.5,55,27262
2000/01/17,A,38.5,38.5,37.6,38,53418
2000/01/17,B,89.5,91.5,89,90,22129
2000/01/17,C,56,56.5,55.5,55.5,29946
2000/01/18,A,37,37.5,36.5,36.7,46066
2000/01/18,B,90.5,90.5,87.5,88.5,12409
2000/01/18,C,56,56,55,56,29852
2000/01/19,A,36.6,37.2,36.3,36.5,30258
2000/01/19,B,88,88.5,86,86,12034
2000/01/19,C,56.5,57,55.5,55.5,29713
2000/01/20,A,36.9,37.5,36.4,36.7,29333
2000/01/20,B,86,87.5,85,87.5,12319
2000/01/20,C,55.5,56,55,55,22064
2000/01/21,A,36.8,37.5,36.8,37,29169
2000/01/21,B,88.5,91,87.5,91,20388
2000/01/21,C,55.5,57,55.5,57,57652
2000/01/24,A,37.6,39.2,37.4,39,93698
2000/01/24,B,91,92.5,91,91,24302
2000/01/24,C,57,58,56.5,57.5,58202
2000/01/25,A,39.2,39.2,38,38.3,46838
2000/01/25,B,91,91,89,89,11267
2000/01/25,C,57.5,57.5,56,56,23544
2000/01/26,A,38.9,39.5,38.4,38.6,64145
2000/01/26,B,89,90.5,89,89,16322
2000/01/26,C,56.5,57.5,56.5,56.5,35766
2000/01/27,A,39.5,39.7,38.5,38.5,56914
2000/01/27,B,90,91.5,89.5,90,19728
2000/01/27,C,57,58,56.5,56.5,49785
2000/01/28,A,38.7,39.5,38.5,38.8,53402
2000/01/28,B,92,96,92,95.5,42837
2000/01/28,C,57,59.5,57,58.5,90889
2000/01/29,A,39.2,39.9,38.8,39,62754
2000/01/29,B,95,95.5,92.5,93,15285
2000/01/29,C,58.5,58.5,57,57.5,31747
2000/01/31,A,39.5,40.2,39.3,39.6,62581
2000/01/31,B,93,94.5,93,93.5,12195
2000/01/31,C,58,58,57,57.5,26496
2000/02/01,A,40.5,40.6,40,40,60997
2000/02/01,B,95,96.5,94.5,95,22052
2000/02/01,C,58,59.5,58,59,60428
2000/02/09,A,40.9,40.9,39.1,39.1,53986
2000/02/09,B,97,97,94,94.5,17896
2000/02/09,C,61,61,59,60,68051
2000/02/10,A,39.1,39.9,38.5,38.5,39875
2000/02/10,B,94.5,97,94.5,94.5,15039
2000/02/10,C,60,61.5,59.5,59.5,62630
2000/02/11,A,38.9,39.2,38.1,38.4,50424
2000/02/11,B,95,95.5,93,93,13656
2000/02/11,C,60,60.5,58.5,58.5,43588
2000/02/14,A,38,38.1,36.6,36.8,64944
2000/02/14,B,93,93,90.5,91,12387
2000/02/14,C,58.5,59,57.5,57.5,40809
2000/02/15,A,36.1,36.5,35.8,36.5,42679
2000/02/15,B,91,91,89,89.5,8755
2000/02/15,C,57,57.5,56,57.5,26035
2000/02/16,A,36.5,36.8,36.2,36.3,32788
2000/02/16,B,90,91,89.5,90,5705
2000/02/16,C,57.5,58,56.5,56.5,26946
2000/02/17,A,36.3,37.2,36.2,36.3,66194
2000/02/17,B,90,93,90,91,14684
2000/02/17,C,56.5,58,56.5,57.5,32584
2000/02/18,A,36.5,36.7,35.1,35.2,56381
2000/02/18,B,92.5,93,90,90,10822
2000/02/18,C,58,58,56.5,56.5,32074
2000/02/19,A,35.7,36.4,35.5,35.9,34596
2000/02/19,B,90,91,89,90,6931
2000/02/19,C,56.5,57,56,56,22548
2000/02/21,A,36,36.7,35.5,35.5,48986
2000/02/21,B,90,92,90,90,12828
2000/02/21,C,56,57.5,56,56,41729
2000/02/22,A,35.5,36,33.1,33.8,31754
2000/02/22,B,90,90.5,87,88,9024
2000/02/22,C,56,56.5,53.5,54,29320
2000/02/23,A,33.9,34.3,33.1,33.3,20713
2000/02/23,B,88,90,87.5,88,7337
2000/02/23,C,54,55,53,53,21928
2000/02/24,A,33.5,34.1,33.2,33.6,23394
2000/02/24,B,88.5,89,87,87,6918
2000/02/24,C,53.5,54,52,52.5,24389
2000/02/25,A,33.8,34.1,33,33.1,28185
2000/02/25,B,87,87.5,85,85,10804
2000/02/25,C,52,52.5,51,51.5,27983
2000/02/29,A,33.9,33.9,33,33,16855
2000/02/29,B,85.5,87,85,85,4526
2000/02/29,C,52.5,53,51.5,52,18263
2000/03/01,A,33.5,33.8,33.1,33.6,20513
2000/03/01,B,86.5,87,85.5,87,4877
2000/03/01,C,52.5,54,52,54,22639
2000/03/02,A,33.9,33.9,32.1,32.2,20657
2000/03/02,B,87,87.5,85.5,85.5,3881
2000/03/02,C,54,54,52,52,13366
2000/03/03,A,33,33.7,32.8,32.9,31801
2000/03/03,B,85.5,86.5,85,85.5,4578
2000/03/03,C,52,53,52,52.5,10386
2000/03/04,A,33.3,33.3,32.2,32.2,16288
2000/03/04,B,86,86,84,84,4432
2000/03/04,C,53,53,51.5,51.5,10838
2000/03/06,A,32.4,32.4,31.5,31.5,13069
2000/03/06,B,84,84.5,83,83,6056
2000/03/06,C,51.5,52,51,51,13323
2000/03/07,A,31.3,32.2,30.8,31,31138
2000/03/07,B,83,84.5,82,83,9085
2000/03/07,C,51,52,51,51,15979
2000/03/08,A,31,31.3,30.4,30.4,22313
2000/03/08,B,82.5,83.5,82,83,6480
2000/03/08,C,51.5,52,51,51,12241
2000/03/09,A,30.7,31.8,30.7,31.7,24143
2000/03/09,B,83,83.5,82.5,82.5,7118
2000/03/09,C,51.5,52,51.5,52,15096
2000/03/10,A,32,32.7,31.2,31.3,26090
2000/03/10,B,83,84,82.5,82.5,7411
2000/03/10,C,52.5,54.5,52.5,54.5,87568
2000/03/13,A,31.5,31.5,29.2,29.2,19137
2000/03/13,B,82,82,77,77,11815
2000/03/13,C,54.5,54.5,51,51,79052
2000/03/14,A,28.7,29,27.4,28.4,27772
2000/03/14,B,77,79,75,77,8067
2000/03/14,C,52,53,51,52.5,52927
2000/03/15,A,28.1,28.8,27.6,27.6,19278
2000/03/15,B,77,78,76,76,6900
2000/03/15,C,52.5,54,51.5,51.5,48031
2000/03/16,A,25.8,29.1,25.8,28.6,31168
2000/03/16,B,72,77,72,76,9904
2000/03/16,C,50,52,48,51.5,58523
2000/03/17,A,28.6,29.5,27.5,28.4,50912
2000/03/17,B,76,80,76,77,18820
2000/03/17,C,51.5,52,49.8,49.8,65936
2000/03/20,A,27.5,27.5,27.5,27.5,1079
2000/03/20,B,74.5,74.5,74.5,74.5,1117
2000/03/20,C,48.1,48.1,48.1,48.1,1002
2000/03/21,A,26.6,28.5,26.6,28.3,50913
2000/03/21,B,72,78,72,78,13890
2000/03/21,C,46.5,48.6,46.5,47.8,142072
2000/03/22,A,27.9,28.1,27.4,27.4,25664
2000/03/22,B,77.5,78,75.5,75.5,7649
2000/03/22,C,46.2,47.1,46.2,46.2,41990
2000/03/23,A,27.4,29.3,27.4,29.2,73894
2000/03/23,B,75.5,79,75.5,78.5,12209
2000/03/23,C,44.6,49.4,44.6,49.4,151143
2000/03/24,A,29,29,28.2,28.2,20099
2000/03/24,B,78.5,78.5,76,76.5,6892
2000/03/24,C,50.5,50.5,49,50,96049
2000/03/27,A,27.6,28.5,27,28.1,34728
2000/03/27,B,76,79.5,75.5,79,11343
2000/03/27,C,50,51,48,49.4,71282
2000/03/28,A,28.8,29.3,28.5,29.1,41442
2000/03/28,B,80,81.5,78,79,13627
2000/03/28,C,50,51,49.5,49.5,49281
2000/03/29,A,29.5,29.9,28.6,28.7,31990
2000/03/29,B,79,80.5,78,78,6881
2000/03/29,C,49.5,50.5,48.7,48.7,28767
2000/03/30,A,28.8,29.8,28.8,29.8,44531
2000/03/30,B,79,80.5,78.5,79,10241
2000/03/30,C,50,52,50,52,81539
2000/03/31,A,30,31.4,29.7,29.7,64317
2000/03/31,B,82,84.5,82,84,28409
2000/03/31,C,52,54.5,52,52.5,95730
2000/04/01,A,29.8,29.8,28.7,28.9,23403
2000/04/01,B,84,84,82,82.5,11355
2000/04/01,C,52.5,53,50.5,51.5,49043
2000/04/05,A,29.4,29.7,29,29.3,23821
2000/04/05,B,84,86,83,85,16655
2000/04/05,C,50.5,52,50,50,35833
2000/04/06,A,29.8,30.4,29.4,29.7,31316
2000/04/06,B,86,86.5,83.5,83.5,10790
2000/04/06,C,50,51,50,50,27700
2000/04/07,A,30.3,30.3,29,29,17298
2000/04/07,B,84,84.5,81.5,81.5,7180
2000/04/07,C,50.5,51,50,50,23815
2000/04/08,A,29,29.3,28.5,28.6,14608
2000/04/08,B,81.5,81.5,80,80,5714
2000/04/08,C,50.5,51,50,50,29733
2000/04/10,A,28.5,29.3,28.5,28.6,16352
2000/04/10,B,80,82,80,81,6223
2000/04/10,C,50,52,50,50.5,35418
2000/04/11,A,29,29.4,28.7,29.2,13844
2000/04/11,B,81,82.5,81,81.5,5384
2000/04/11,C,51,54,51,54,108144
2000/04/12,A,29.7,30.3,29.2,29.3,35255
2000/04/12,B,83,84,81,81.5,10675
2000/04/12,C,54,55,51.5,52,84492
2000/04/13,A,29.7,30.6,29.3,30.1,45099
2000/04/13,B,81.5,83,81,82.5,10223
2000/04/13,C,52,52.5,51,51,31787
2000/04/14,A,30.8,31.1,30,30,50339
2000/04/14,B,84,85.5,82.5,83,18209
2000/04/14,C,51,52,50,50,31031
2000/04/15,A,28.6,29.4,27.9,28.2,31310
2000/04/15,B,81,82,78,78.5,12042
2000/04/15,C,48,49,48,48.2,41949
2000/04/17,A,28.5,28.8,27.6,28,17670
2000/04/17,B,79,79.5,77.5,78,6857
2000/04/17,C,48.2,50.5,48.2,50,27239
2000/04/18,A,28.9,29.7,28.5,29.5,24196
2000/04/18,B,81,81,79,80.5,7590
2000/04/18,C,51,51.5,50,50.5,26450
2000/04/19,A,30,30,28.5,28.6,16760
2000/04/19,B,81.5,81.5,78,78,6053
2000/04/19,C,51,51,49.5,49.5,22995
2000/04/20,A,28.6,29.5,28.6,28.7,27764
2000/04/20,B,78,80,78,78.5,5544
2000/04/20,C,49.3,50.5,49.3,49.5,19366
2000/04/21,A,28.9,29.2,28.3,28.6,11526
2000/04/21,B,79.5,80.5,79,79,4339
2000/04/21,C,50,50.5,49.3,49.3,11852
2000/04/24,A,28.9,28.9,27.3,27.3,11623
2000/04/24,B,79,79.5,77,77.5,4836
2000/04/24,C,49.5,49.5,48,48,16691
2000/04/25,A,27.3,27.8,26.7,26.9,9956
2000/04/25,B,77.5,78,76,77,4417
2000/04/25,C,48,48.4,47.1,47.3,13981
2000/04/26,A,27,27.3,25.1,25.5,16013
2000/04/26,B,77,77.5,73,73.5,6545
2000/04/26,C,47.5,48,44.5,45,21338
2000/04/27,A,25.5,25.8,24.8,25.5,13305
2000/04/27,B,75,75.5,73.5,74.5,3944
2000/04/27,C,45.1,45.9,44.9,45.3,15493
2000/04/28,A,25.4,25.5,24,25.3,16403
2000/04/28,B,74.5,75,73,74,5446
2000/04/28,C,45.6,46.4,44,46.3,19036
2000/04/29,A,25.2,26.1,24.9,25.4,15521
2000/04/29,B,74.5,75,73.5,74,4403
2000/04/29,C,46,46.6,45,45.5,11722
2000/05/02,A,25.6,25.6,24.5,24.7,8590
2000/05/02,B,75,75,73.5,73.5,5243
2000/05/02,C,45.5,45.6,44.5,44.5,11775
2000/05/03,A,24.5,25.5,24.4,25.1,22992
2000/05/03,B,72.5,73.5,72,72.5,4618
2000/05/03,C,44,44.5,43.1,43.1,13509
2000/05/04,A,25.4,26.8,25.4,26.2,30687
2000/05/04,B,73.5,77.5,73.5,75,7755
2000/05/04,C,43.3,46,43.3,44,18869
2000/05/05,A,26.2,26.3,25.3,26,20442
2000/05/05,B,76,76.5,75,76,5253
2000/05/05,C,44,44.5,43.3,43.9,22466
2000/05/06,A,26,26.6,24.8,25.6,21320
2000/05/06,B,77,78.5,76,77.5,7330
2000/05/06,C,43.5,43.9,42.8,43.1,21588
2000/05/08,A,25.6,25.8,25.1,25.3,9796
2000/05/08,B,77.5,77.5,75,76.5,4037
2000/05/08,C,43.4,43.7,43.1,43.7,11985
2000/05/09,A,25.5,26,25.3,25.8,14303
2000/05/09,B,76,77,75.5,76.5,3206
2000/05/09,C,44,45.3,43.8,44.4,20514
2000/05/10,A,25.9,26.1,25.5,25.5,9213
2000/05/10,B,77,77,75,75,2533
2000/05/10,C,45.1,45.3,44.4,44.5,15193
2000/05/11,A,25.5,26,25.4,26,12010
2000/05/11,B,73.5,75,73.5,73.5,3618
2000/05/11,C,44.5,46,44.5,45.4,22997
2000/05/12,A,27,27.8,26.8,27.8,27134
2000/05/12,B,74,76.5,74,76.5,7567
2000/05/12,C,46.5,48,45.5,45.6,43978
2000/05/15,A,28.3,29.3,28.2,28.6,55194
2000/05/15,B,76.5,76.5,75,75,2880
2000/05/15,C,45.6,45.9,44.5,44.7,14689
2000/05/16,A,28.9,29.1,28.1,29,23426
2000/05/16,B,75.5,76.5,75,76.5,3574
2000/05/16,C,44.6,45.3,44.6,44.9,13054
2000/05/17,A,29.5,30.2,29.3,30,47683
2000/05/17,B,78,81.5,78,81.5,18645
2000/05/17,C,45.5,46.5,45.4,46.3,28028
2000/05/18,A,30,31.2,29.9,29.9,57963
2000/05/18,B,81.5,84,81.5,83,28656
2000/05/18,C,46.3,47.5,46,46,26535
2000/05/19,A,30.1,31,30.1,30.6,38890
2000/05/19,B,83,85,83,84,17180
2000/05/19,C,46.8,47.8,46.2,47.4,34516
2000/05/20,A,30.9,31.1,28.5,28.9,32794
2000/05/20,B,84,85,78.5,80,12671
2000/05/20,C,47.5,48,44.6,45.2,20743
2000/05/22,A,29.5,29.6,28.9,29,17228
2000/05/22,B,81,81,78.5,79,9038
2000/05/22,C,46.8,46.8,45.5,45.5,11987
2000/05/23,A,28.9,29.4,28.8,28.9,14952
2000/05/23,B,79.5,79.5,78,78.5,5963
2000/05/23,C,45.4,45.8,45,45.4,9811
2000/05/24,A,28.5,29.2,28.3,28.6,14849
2000/05/24,B,78,79.5,77.5,79,7647
2000/05/24,C,44.9,46.1,44.9,45.3,18769
2000/05/25,A,28.9,29.2,28.6,28.8,18634
2000/05/25,B,80.5,81.5,79.5,81,10531
2000/05/25,C,46.1,46.1,45.5,45.5,15421
2000/05/26,A,28.8,30.5,28.8,30.2,43688
2000/05/26,B,81,84,80.5,82.5,14770
2000/05/26,C,45.7,46.5,45.6,46.1,15887
2000/05/29,A,30.4,30.5,29.9,30,22120
2000/05/29,B,83.5,83.5,81,81,6145
2000/05/29,C,46.5,46.5,45.7,45.8,9566
2000/05/30,A,30.5,31.2,30.3,30.6,44215
2000/05/30,B,81,82.5,81,81.5,5933
2000/05/30,C,46,46.8,46,46.2,9457
2000/05/31,A,31,31,30.4,30.6,30924
2000/05/31,B,82.5,82.5,81,82,6518
2000/05/31,C,47,47.6,46.5,47,22013
2000/06/01,A,30.5,30.9,29.7,30.2,17452
2000/06/01,B,82.5,82.5,81,81.5,3767
2000/06/01,C,47.2,47.3,46.2,46.3,8520
2000/06/02,A,30.3,30.6,29.5,29.6,19351
2000/06/02,B,82,82.5,81.5,82,7986
2000/06/02,C,46.9,46.9,46,46.1,9718
2000/06/03,A,30,30.2,29.5,30.1,20647
2000/06/03,B,83,83,81.5,81.5,5562
2000/06/03,C,46.6,46.6,46,46,9056
2000/06/05,A,30.2,30.5,29.8,29.8,11267
2000/06/05,B,82,82,80,80.5,10187
2000/06/05,C,46,46.5,45.7,45.7,7143
2000/06/07,A,30,30.1,29.2,29.6,17681
2000/06/07,B,73.5,75,73.5,74.5,10731
2000/06/07,C,45.6,45.9,45.2,45.3,15043
2000/06/08,A,29.6,30.3,29.6,29.7,23520
2000/06/08,B,75,75.5,75,75,6717
2000/06/08,C,45.8,46.2,45.5,45.6,9630
2000/06/09,A,29.8,30,29.4,29.6,10276
2000/06/09,B,75,75.5,73.5,73.5,4823
2000/06/09,C,45.5,45.8,45,45,8950
2000/06/12,A,29.6,29.6,28.5,28.7,12047
2000/06/12,B,73.5,74,72.5,73,3980
2000/06/12,C,45,45.2,44.2,44.3,10265
2000/06/13,A,28.5,29,28.2,28.2,10980
2000/06/13,B,73,73.5,72.5,72.5,3788
2000/06/13,C,44,44.6,44,44.1,7212
2000/06/14,A,28.4,28.7,28.2,28.5,9127
2000/06/14,B,72.5,73.5,72.5,72.5,4645
2000/06/14,C,44.2,44.8,44.2,44.4,6919
2000/06/15,A,28.6,28.8,28,28.1,8714
2000/06/15,B,72.5,73,72,72.5,4202
2000/06/15,C,44.6,44.8,44,44,6843
2000/06/16,A,28,28.7,27.8,28.7,15158
2000/06/16,B,72.5,73,72,73,3972
2000/06/16,C,44,44.5,43.8,44,7470
2000/06/17,A,28.6,29,28.5,28.5,10816
2000/06/17,B,73,73.5,72.5,72.5,2891
2000/06/17,C,44,44.5,44,44,5391
2000/06/19,A,28.5,28.9,28.1,28.2,10300
2000/06/19,B,73,73,72.5,72.5,2294
2000/06/19,C,44,44.4,43.8,43.9,5940
2000/06/20,A,28.5,29,28.3,28.5,18293
2000/06/20,B,73.5,75.5,73,73.5,9765
2000/06/20,C,44.2,44.7,44,44,9504
2000/06/21,A,28.8,28.8,28.3,28.4,10183
2000/06/21,B,74.5,74.5,72.5,72.5,4162
2000/06/21,C,44.1,44.3,43,43.1,12292
2000/06/22,A,28.2,28.7,28,28.6,14131
2000/06/22,B,71,73,71,72,6204
2000/06/22,C,42.6,43.7,42.6,43.7,10204
2000/06/23,A,28.6,28.8,28.2,28.2,8043
2000/06/23,B,72.5,73,72,72,2796
2000/06/23,C,43.7,44,43,43,6720
2000/06/26,A,28.2,28.2,27.6,27.7,9754
2000/06/26,B,72,73,71,72.5,4400
2000/06/26,C,43.4,43.5,43,43.2,8356
2000/06/27,A,27.8,28.2,27.3,27.3,11622
2000/06/27,B,72,72.5,71,71,4509
2000/06/27,C,43.5,43.7,42.7,42.7,8373
2000/06/28,A,27.1,27.6,26,26.3,14000
2000/06/28,B,71,72,70.5,70.5,5003
2000/06/28,C,42.7,43,41.2,41.6,17236
2000/06/29,A,26.6,26.6,25.5,25.5,13837
2000/06/29,B,71,71,68,68,7853
2000/06/29,C,41.8,42,40,40,13510
2000/06/30,A,26,26.7,25.3,26.7,12520
2000/06/30,B,69,71,68,71,7707
2000/06/30,C,40.6,41,40,41,11607
2000/07/03,A,26.9,28.5,26.7,28.5,40528
2000/07/03,B,71,75.5,70,75,21528
2000/07/03,C,41.5,43.4,41,42.5,26631
2000/07/04,A,28.8,29.1,27.6,27.6,28015
2000/07/04,B,74.5,74.5,71,71,6923
2000/07/04,C,42.9,42.9,40.2,40.2,14545
2000/07/05,A,27.9,29.4,27.8,29.3,39272
2000/07/05,B,71,74.5,70.5,73,14231
2000/07/05,C,40.5,42,40.3,41.6,18376
2000/07/06,A,28.6,29.8,28.6,29.2,46865
2000/07/06,B,73,75.5,72.5,74.5,19183
2000/07/06,C,41.6,42.5,41.5,41.7,20296
2000/07/07,A,29.2,29.2,28.6,28.6,18008
2000/07/07,B,74.5,74.5,73,73,6282
2000/07/07,C,41.8,42,40.8,41,12480
2000/07/10,A,28.8,29.2,28.5,29.1,26121
2000/07/10,B,73.5,74.5,72,74,5877
2000/07/10,C,41.1,42.7,40.4,42.1,16562
2000/07/11,A,29.1,29.5,28.5,29,19227
2000/07/11,B,74.5,75.5,74,75,14419
2000/07/11,C,42.3,43.1,42,42,18092
2000/07/12,A,29,29,27.2,27.4,21271
2000/07/12,B,75,75.5,73,73,6940
2000/07/12,C,42,42,40.5,40.6,13591
2000/07/13,A,27.4,28.4,27.1,28.3,18203
2000/07/13,B,73,74.5,73,74,5054
2000/07/13,C,40.6,41.6,40.6,41,14748
2000/07/14,A,28.4,29.7,28.2,29.1,40526
2000/07/14,B,74.5,77.5,74,75.5,21988
2000/07/14,C,41.5,43.2,41.2,43.2,36403
2000/07/15,A,29.1,29.5,28.7,29.3,25789
2000/07/15,B,76,76.5,75,75,8238
2000/07/15,C,43.6,44,43,43.1,31379
2000/07/17,A,30.1,31.3,30.1,30.6,109754
2000/07/17,B,76,78,76,76,17303
2000/07/17,C,44.3,45.2,44.1,44.4,44656
2000/07/18,A,30.1,30.3,29.5,29.5,40363
2000/07/18,B,75.5,75.5,74,74,8110
2000/07/18,C,44.3,44.3,43,43,21163
2000/07/19,A,29.1,30.1,29.1,30,26937
2000/07/19,B,73.5,75,73.5,74.5,6015
2000/07/19,C,43,43.8,42.6,43.6,14563
2000/07/20,A,29.9,30.2,29,29,23746
2000/07/20,B,73.5,74.5,73,73.5,4243
2000/07/20,C,43.5,43.8,43,43,9732
2000/07/21,A,29.2,29.4,28.4,28.7,21555
2000/07/21,B,73.5,75,73,74,7139
2000/07/21,C,43.3,44.2,42.8,43.6,23241
2000/07/24,A,28.9,29.2,28.5,28.7,14320
2000/07/24,B,74,75,73.5,74,4278
2000/07/24,C,43.8,44.2,43.6,43.9,18025
2000/07/25,A,28.9,29,28,28,14298
2000/07/25,B,74,75,73.5,73.5,7506
2000/07/25,C,44,44.5,43.5,43.6,26652
2000/07/26,A,28.4,28.8,27.2,27.4,18639
2000/07/26,B,74,75,73.5,74,8136
2000/07/26,C,43.6,44,43,43.8,18941
2000/07/27,A,27.4,28.6,27.4,28.5,28643
2000/07/27,B,74,75,72.5,74.5,8797
2000/07/27,C,43.5,43.9,42.8,43.1,24729
2000/07/28,A,28.7,30.2,28.6,29.8,46632
2000/07/28,B,74,76,73.5,75.5,14804
2000/07/28,C,43.1,45.2,43.1,44.3,62632
2000/07/29,A,29.8,30.3,29.5,29.5,26312
2000/07/29,B,75.5,76.5,75.5,76,13225
2000/07/29,C,34.9,35.6,34.9,35,71282
2000/07/31,A,29.8,29.8,29,29.6,15015
2000/07/31,B,76,76,74.5,75.5,11347
2000/07/31,C,35.1,35.5,35,35,22753
2000/08/01,A,29.6,29.7,28.9,28.9,14982
2000/08/01,B,75.5,75.5,74,74.5,3869
2000/08/01,C,35.4,35.4,34.2,34.3,15533
2000/08/02,A,29,29.7,29,29.7,41170
2000/08/02,B,74,75,73.5,73.5,2789
2000/08/02,C,34.3,34.8,34,34.1,13459
2000/08/03,A,26.1,26.2,25.7,25.7,57656
2000/08/03,B,73.5,74,73,73.5,4393
2000/08/03,C,34.1,34.3,33.4,33.7,16288
2000/08/04,A,25.9,26.1,25.5,25.7,27403
2000/08/04,B,74,74.5,73.5,73.5,3563
2000/08/04,C,34,34.2,33.6,33.6,12410
2000/08/05,A,25.7,26.2,25.6,25.7,18845
2000/08/05,B,73.5,74,73,73,2415
2000/08/05,C,33.8,34,33,33.1,9623
2000/08/07,A,25.7,25.7,25.1,25.2,17876
2000/08/07,B,73,74,72.5,73,6509
2000/08/07,C,33,33.1,31.9,31.9,12975
2000/08/08,A,25.5,26,25.3,26,16088
2000/08/08,B,74,75,73.5,74.5,8538
2000/08/08,C,32.3,32.9,32.1,32.7,12723
2000/08/09,A,26.5,27.3,26.4,26.7,40269
2000/08/09,B,75.5,76.5,75,75,11639
2000/08/09,C,34,34.9,33.7,34.9,51266
2000/08/10,A,26.7,26.8,26,26.3,15700
2000/08/10,B,75,75,73.5,75,5542
2000/08/10,C,34.8,34.8,34.1,34.6,18791
2000/08/11,A,26.4,26.8,26.1,26.1,14095
2000/08/11,B,75,75.5,74,74,4411
2000/08/11,C,34.6,35.4,34.6,35,33868
2000/08/14,A,26.2,26.3,26,26,13551
2000/08/14,B,73.5,74.5,73,73.5,2094
2000/08/14,C,35.1,35.2,34,34,16920
2000/08/15,A,26.2,26.3,25.6,25.8,11077
2000/08/15,B,73.5,74,73,73,2075
2000/08/15,C,34.2,34.4,33.8,33.8,9648
2000/08/16,A,26,26.5,26,26.3,17149
2000/08/16,B,73,74,73,73.5,3466
2000/08/16,C,33.8,34.3,33.8,34,8200
2000/08/17,A,26.4,26.9,26,26.9,19691
2000/08/17,B,73.5,74.5,73,74.5,5537
2000/08/17,C,34,35.1,33.7,35.1,19224
2000/08/18,A,27.2,27.5,26.4,26.4,45623
2000/08/18,B,75.5,76.5,75,75,20129
2000/08/18,C,35.8,36.7,35.2,35.3,64729
2000/08/19,A,26.5,27,26.2,26.4,18088
2000/08/19,B,75,75.5,74,74.5,5354
2000/08/19,C,35.5,36.1,35.3,35.6,24030
2000/08/21,A,26.5,26.9,26.2,26.6,18825
2000/08/21,B,74.5,75,73.5,74,8062
2000/08/21,C,36.3,36.6,35.8,36.2,43095
2000/08/22,A,26.4,26.9,26.3,26.4,14264
2000/08/22,B,73.5,74.5,73.5,73.5,4389
2000/08/22,C,36.2,36.5,35.3,35.3,23998
2000/08/24,A,26.7,26.7,26.2,26.3,10659
2000/08/24,B,73.5,74,73,73,4475
2000/08/24,C,35.6,35.7,34.8,34.9,17814
2000/08/25,A,26.4,26.8,26.3,26.3,15516
2000/08/25,B,73.5,74,73,73,4333
2000/08/25,C,34.9,35.3,34.3,34.5,16209
2000/08/28,A,26.3,26.3,26,26,10388
2000/08/28,B,73,73.5,72.5,73,3841
2000/08/28,C,34,34.3,33.7,33.7,11421
2000/08/29,A,25.7,26,24.4,25.5,17910
2000/08/29,B,73,73,70,71.5,7949
2000/08/29,C,33,33.4,32,32.8,16314
2000/08/30,A,25.5,25.8,24.8,24.8,18904
2000/08/30,B,71.5,72,69,69.5,5669
2000/08/30,C,32.5,33.3,32,32.1,15135
2000/08/31,A,24.4,25.3,24.4,24.5,21654
2000/08/31,B,69,71.5,69,71.5,6215
2000/08/31,C,31.5,32.7,31.5,32.1,14063
2000/09/01,A,24.5,24.9,23.6,23.6,19720
2000/09/01,B,71,71.5,69.5,70.5,3771
2000/09/01,C,32.3,32.3,30.6,31,13990
2000/09/02,A,24,25.1,24,24.9,16956
2000/09/02,B,70.5,73,70.5,71.5,5600
2000/09/02,C,31.5,33,31.2,32.3,13692
2000/09/04,A,25,25.2,24.6,25,12722
2000/09/04,B,71.5,72.5,70.5,72.5,5311
2000/09/04,C,32.6,32.6,32,32.5,9787
2000/09/05,A,25,25,24.4,24.7,9464
2000/09/05,B,72,72,70,72,6589
2000/09/05,C,32.7,32.7,31.7,31.7,8375
2000/09/06,A,24.6,25,24.3,24.7,8973
2000/09/06,B,71.5,71.5,70.5,70.5,4033
2000/09/06,C,31.5,32.1,31.4,31.7,9235
2000/09/07,A,24.9,25.2,24.6,24.7,13059
2000/09/07,B,70.5,72,70.5,71,7581
2000/09/07,C,32.5,32.7,32,32.1,17511
2000/09/08,A,24.9,25.9,24.8,25.8,19369
2000/09/08,B,72,72.5,71,72,7128
2000/09/08,C,32.6,32.6,31.8,31.9,14539
2000/09/11,A,26,26.4,25.7,25.7,17327
2000/09/11,B,72,73.5,72,72.5,6216
2000/09/11,C,31.8,32.1,31.4,31.9,9291
2000/09/13,A,26,26,25.5,25.6,10816
2000/09/13,B,72.5,73,71.5,72.5,5653
2000/09/13,C,31.9,32.5,30.9,32,22995
2000/09/14,A,25.6,25.6,24.4,24.4,11001
2000/09/14,B,72.5,72.5,71.5,72,4481
2000/09/14,C,31.8,31.9,31,31,8821
2000/09/15,A,24.7,25,24.1,24.4,14281
2000/09/15,B,72,72.5,71.5,72,7914
2000/09/15,C,30.8,31.7,30.6,30.6,12972
2000/09/16,A,24,24.2,23.3,23.3,10342
2000/09/16,B,71.5,71.5,69.5,69.5,7833
2000/09/16,C,30,30,28.5,28.5,24131
2000/09/18,A,23,23.3,22.1,22.1,17424
2000/09/18,B,69.5,69.5,68,68.5,8983
2000/09/18,C,28.1,28.3,26.6,26.6,20257
2000/09/19,A,22,22.9,21.8,22.6,23946
2000/09/19,B,67.5,70,67,69,8006
2000/09/19,C,26,27.3,25.8,25.9,33032
2000/09/20,A,23.2,23.8,22.7,23.7,19809
2000/09/20,B,70,71,69,70,6252
2000/09/20,C,26.7,27.1,25.8,26.9,37528
2000/09/21,A,23.3,24.3,23.3,24.1,17310
2000/09/21,B,69,71.5,69,71,9793
2000/09/21,C,26.7,28.7,26.4,28.7,50406
2000/09/22,A,23.8,24.2,23.2,23.2,15381
2000/09/22,B,71,71.5,70,70.5,9018
2000/09/22,C,28.6,29.5,28,28.8,71885
2000/09/25,A,23.8,24.6,23.5,24.2,16493
2000/09/25,B,71,71.5,70,71.5,6041
2000/09/25,C,30.2,30.8,29.6,30.8,37143
2000/09/26,A,24.2,24.4,23.6,24.1,12465
2000/09/26,B,71.5,71.5,70,70,5128
2000/09/26,C,31.2,32,30.2,30.2,72087
2000/09/27,A,24,24.3,23.8,24,10224
2000/09/27,B,70,70.5,69.5,69.5,5824
2000/09/27,C,30.2,30.8,30,30.4,26977
2000/09/28,A,24.2,24.3,23.6,24.1,8372
2000/09/28,B,70,71,69.5,69.5,4448
2000/09/28,C,30.4,30.8,29,29.2,22021
2000/09/29,A,24.3,24.4,23.5,23.5,13073
2000/09/29,B,70,71,69.5,70,8472
2000/09/29,C,29.6,30.2,29.2,29.6,27470
2000/09/30,A,22,23.1,22,22.2,13265
2000/09/30,B,69.5,70,68.5,68.5,6362
2000/09/30,C,29,29.8,28.7,29.4,28850
2000/10/02,A,22,22.4,20.7,20.7,21174
2000/10/02,B,68.5,69.5,67,67,7239
2000/10/02,C,29,29.9,28.7,28.7,20588
2000/10/03,A,20.1,21.3,19.5,21,25799
2000/10/03,B,67,69,66,68,10080
2000/10/03,C,28.7,30.4,28.7,30.1,42182
2000/10/04,A,20.3,20.3,20.3,20.3,2559
2000/10/04,B,66,66.5,66,66,6649
2000/10/04,C,29.1,29.7,29.1,29.1,43749
2000/10/05,A,19.7,20.6,19.7,19.7,16312
2000/10/05,B,64.5,65.5,64,64,11762
2000/10/05,C,30,30,29,29.1,34231
2000/10/06,A,19.9,21,19.7,21,13859
2000/10/06,B,62,65,62,64.5,21866
2000/10/06,C,29.5,30.9,29.1,30.5,45624
2000/10/07,A,21.1,21.6,20.7,21,14160
2000/10/07,B,64,64,62.5,62.5,7759
2000/10/07,C,30.3,30.3,29.5,29.6,32046
2000/10/09,A,21,21.2,20.7,20.7,10124
2000/10/09,B,61,62,60.5,60.5,10952
2000/10/09,C,29.6,29.7,28.6,28.7,26401
2000/10/11,A,20.4,20.4,20,20,10293
2000/10/11,B,58.5,58.5,58.5,58.5,2992
2000/10/11,C,27.8,28.4,27.7,28.1,28657
2000/10/12,A,19.1,20.4,19.1,19.8,10749
2000/10/12,B,54.5,57,54.5,54.5,29525
2000/10/12,C,27.7,28.6,27.4,27.9,28333
2000/10/13,A,18.6,21.1,18.6,21.1,29507
2000/10/13,B,51,57,51,57,20530
2000/10/13,C,26.7,29.2,26.7,29,35621
2000/10/16,A,22.5,22.5,21.3,21.5,51113
2000/10/16,B,59.5,60,53.5,53.5,14514
2000/10/16,C,31,31,27.9,28.8,53131
2000/10/17,A,21.5,23,21.5,22.9,36963
2000/10/17,B,51.5,55.5,51.5,53.5,9746
2000/10/17,C,28.2,29.5,28.2,29.3,27619
2000/10/18,A,22.8,24,21.7,22.6,58292
2000/10/18,B,53.5,54,50,50.5,9879
2000/10/18,C,28.9,29.2,28.1,28.6,28179
2000/10/19,A,22.9,23,21.1,21.3,32747
2000/10/19,B,48,49.5,47,47,10624
2000/10/19,C,27.6,28,26.6,26.6,28736
2000/10/20,A,22.7,22.7,22.1,22.7,20256
2000/10/20,B,50,50,49,50,7371
2000/10/20,C,27.9,28.4,27.2,28.4,31174
2000/10/21,A,23.2,23.4,22.5,23,20965
2000/10/21,B,53.5,53.5,53.5,53.5,5963
2000/10/21,C,28.7,29.3,27.8,29.3,40392
2000/10/23,A,22.8,23.3,22.3,22.7,16863
2000/10/23,B,57,57,54,56.5,26986
2000/10/23,C,29.5,29.5,28.5,29.3,27024
2000/10/24,A,22.5,23.3,22.3,22.9,25721
2000/10/24,B,56.5,59,55.5,58.5,17744
2000/10/24,C,29.3,30.7,28.8,29.9,65368
2000/10/25,A,22.9,23.1,22.4,22.6,19846
2000/10/25,B,57.5,60,57,60,14750
2000/10/25,C,29.9,30.3,29.3,29.9,46024
2000/10/26,A,22.9,23.7,22.6,22.6,39129
2000/10/26,B,59,60.5,58.5,59,13033
2000/10/26,C,29.6,30,29.1,29.6,44372
2000/10/27,A,22.8,23,21.9,21.9,14923
2000/10/27,B,60,60.5,58.5,58.5,13610
2000/10/27,C,29.7,29.8,28.6,29.1,35651
2000/10/30,A,21.2,21.2,21.2,21.2,862
2000/10/30,B,56.5,56.5,56.5,56.5,787
2000/10/30,C,28.1,28.1,28.1,28.1,807
2000/10/31,A,20.5,21,20.5,20.5,25472
2000/10/31,B,55,59.5,55,58,24331
2000/10/31,C,27.2,27.8,27.2,27.2,33630
2000/11/01,A,20.3,20.8,19.8,19.8,9716
2000/11/01,B,58,59,56,56.5,8738
2000/11/01,C,27.2,27.6,26.3,26.3,19823
2000/11/02,A,19.2,20.7,19.2,20.5,20187
2000/11/02,B,58.5,60,57,60,16148
2000/11/02,C,26.6,27.5,26.2,27.3,30548
2000/11/03,A,20.8,21.4,20.5,20.6,21548
2000/11/03,B,61,62,59.5,61,9043
2000/11/03,C,28.2,28.2,27.1,27.5,19487
2000/11/04,A,21.3,21.3,20.4,20.5,15094
2000/11/04,B,62,62,60,60.5,12789
2000/11/04,C,27.5,27.8,27,27.3,20798
2000/11/06,A,21,21,20.1,20.2,12734
2000/11/06,B,62,62,60,60,5683
2000/11/06,C,27.6,27.6,26.6,27,14738
2000/11/07,A,20.2,20.8,20.1,20.7,20917
2000/11/07,B,61.5,62.5,60.5,62.5,9736
2000/11/07,C,27.2,27.7,27,27.3,18708
2000/11/08,A,20.9,22.1,20.5,21.8,29951
2000/11/08,B,63.5,64.5,61.5,63.5,10015
2000/11/08,C,27.8,29.2,27.2,29.1,49334
2000/11/09,A,22.1,22.1,21.2,21.7,17928
2000/11/09,B,63.5,65.5,62.5,65,15020
2000/11/09,C,29,29.1,28.3,28.5,26777
2000/11/10,A,21.7,22,21.2,21.3,20882
2000/11/10,B,66,66,64.5,65,6333
2000/11/10,C,28.5,28.9,28,28,19885
2000/11/13,A,20.2,20.6,19.9,20.2,20496
2000/11/13,B,63,65,61,63,8428
2000/11/13,C,28,28.2,27,27.7,28322
2000/11/14,A,20.5,20.8,20.1,20.3,16622
2000/11/14,B,63.5,64.5,62.5,63.5,8154
2000/11/14,C,27.8,28,27.2,27.6,17046
2000/11/15,A,20.7,20.7,20,20,17092
2000/11/15,B,65,65,63.5,63.5,12417
2000/11/15,C,28,28.1,26.1,27,19293
2000/11/16,A,18.6,19.4,18.6,18.7,32288
2000/11/16,B,59.5,60,59.5,59.5,13216
2000/11/16,C,25.2,26,25.2,26,41855
2000/11/17,A,17.6,18,17.4,17.4,32850
2000/11/17,B,56.5,57.5,55.5,55.5,8661
2000/11/17,C,25,25.6,24.3,24.8,18542
2000/11/18,A,17.1,17.9,16.3,16.5,15148
2000/11/18,B,55.5,56.5,53.5,53.5,5378
2000/11/18,C,24.3,25.2,23.8,24.3,16965
2000/11/20,A,15.9,16.2,15.4,15.4,26314
2000/11/20,B,52,53,50,50,8241
2000/11/20,C,23.1,23.6,22.6,22.8,31764
2000/11/21,A,15.2,16.4,15.2,16.4,36813
2000/11/21,B,50,53.5,50,53.5,7650
2000/11/21,C,22.7,23.8,22.1,23.5,29759
2000/11/22,A,16.3,17.5,16.1,16.8,29830
2000/11/22,B,54.5,57,53.5,56,13502
2000/11/22,C,23.4,24.5,23.1,23.4,33610
2000/11/23,A,16.6,17.5,16.6,17.4,18656
2000/11/23,B,55,57.5,55,57,6791
2000/11/23,C,23,23.6,23,23.4,17399
2000/11/24,A,17.9,18.6,17.7,18.6,37765
2000/11/24,B,58,60.5,57.5,60.5,13396
2000/11/24,C,23.9,24.9,23.6,24.8,32165
2000/11/27,A,18.9,19.2,18.1,18.1,31491
2000/11/27,B,61,61.5,59.5,60,5993
2000/11/27,C,25.2,25.5,24.5,25.3,30728
2000/11/28,A,17.8,18,17.6,17.6,18906
2000/11/28,B,60,60.5,59,59.5,3103
2000/11/28,C,25.2,25.4,24.6,25.4,23876
2000/11/29,A,17.3,18.6,17.2,17.9,32071
2000/11/29,B,59,61,58.5,59,7474
2000/11/29,C,25,26.5,25,25.6,51924
2000/11/30,A,17.9,18,17.3,17.9,12862
2000/11/30,B,60,60,58,59,4524
2000/11/30,C,25.6,25.8,24.8,24.9,18416
2000/12/01,A,17.4,17.9,17.3,17.7,14627
2000/12/01,B,58,62,58,61,7036
2000/12/01,C,24.3,25.2,24.1,25.2,18213
2000/12/02,A,17.9,18.3,17.7,17.8,13712
2000/12/02,B,61,62,60,60,2828
2000/12/02,C,25.2,25.5,24.6,25.2,13979
2000/12/04,A,18.1,18.5,18,18.3,20943
2000/12/04,B,60,60.5,59,59,2751
2000/12/04,C,25,25.3,24.6,25.1,12458
2000/12/05,A,18.4,19.5,18.1,19.4,45389
2000/12/05,B,59,61,59,59.5,6346
2000/12/05,C,25,25.7,24.6,25.7,29423
2000/12/06,A,19.6,19.6,18.8,18.8,34893
2000/12/06,B,61.5,62,61,61,8904
2000/12/06,C,26,26,25,25.6,24344
2000/12/07,A,18.6,19.1,18.4,19.1,17236
2000/12/07,B,61,62,61,61.5,4817
2000/12/07,C,25.1,26,25.1,25.8,29176
2000/12/08,A,19.2,20.2,19.2,19.8,48441
2000/12/08,B,62,64,61.5,63.5,10699
2000/12/08,C,25.9,26.8,25.7,26,41208
2000/12/11,A,20.1,20.5,19.6,20.1,31756
2000/12/11,B,64,64.5,63.5,64.5,6101
2000/12/11,C,26.1,26.5,25.8,26.1,21614
2000/12/12,A,20.1,20.8,19.9,20.8,40334
2000/12/12,B,64.5,65,64,65,9875
2000/12/12,C,26.3,26.4,26,26.3,22537
2000/12/13,A,20.5,20.9,20.4,20.7,24211
2000/12/13,B,64.5,65,63.5,64.5,5209
2000/12/13,C,26.2,26.6,25.9,25.9,19424
2000/12/14,A,20.5,20.7,20,20,14102
2000/12/14,B,63.5,65,63,64.5,6397
2000/12/14,C,25.7,26,25.2,25.2,15270
2000/12/15,A,19.6,19.8,19.3,19.3,12567
2000/12/15,B,64,64,63,63,2632
2000/12/15,C,25,25.2,24.6,24.9,16132
2000/12/16,A,18.8,19,18.7,18.7,10482
2000/12/16,B,62.5,63,61.5,61.5,2423
2000/12/16,C,24.8,25.3,24.7,24.9,13151
2000/12/18,A,18.4,19,18.4,19,12025
2000/12/18,B,61.5,62,60.5,61,4047
2000/12/18,C,25.2,25.2,24.7,24.7,13662
2000/12/19,A,19.1,19.4,18.8,19.2,13848
2000/12/19,B,61,61.5,60.5,61,4237
2000/12/19,C,24.9,25.1,24.5,24.8,19104
2000/12/20,A,19.1,19.5,18.7,19.1,22062
2000/12/20,B,61,61,60,60.5,3536
2000/12/20,C,24.9,25.5,24.6,24.7,37597
2000/12/21,A,18.7,18.9,18.5,18.7,12281
2000/12/21,B,58.5,59,58.5,58.5,3857
2000/12/21,C,23.9,24.3,23.9,24.1,22387
2000/12/22,A,18.9,19.2,18.6,19.2,12517
2000/12/22,B,58,59.5,58,58.5,5941
2000/12/22,C,24.1,24.5,23.6,24.1,17454
2000/12/26,A,19.5,19.5,18.7,18.7,5954
2000/12/26,B,59,59,56.5,56.5,2548
2000/12/26,C,24.2,24.3,23.3,23.3,9110
2000/12/27,A,18.7,18.9,18.2,18.4,11372
2000/12/27,B,56,56,55,55.5,2213
2000/12/27,C,22.9,23.1,22.5,22.5,13580
2000/12/28,A,18.6,19.6,18.6,19.6,22657
2000/12/28,B,55.5,59,55,59,6303
2000/12/28,C,22.1,24,22.1,24,27900
2000/12/29,A,19.8,20.3,19.6,19.9,30810
2000/12/29,B,59,60,57,58,8078
2000/12/29,C,24,24.5,23.6,24,27720
2000/12/30,A,19.9,20.9,19.7,20.6,30398
2000/12/30,B,57.5,58.5,57,58,4495
2000/12/30,C,23.8,25,23.8,24.2,25864
