日期(0), 名稱(1), 開盤價(2), 高點(3), 低點(4), 收盤價(5), 成交量(6)

1999/01/05,A,20,20,18.8,18.8,9246
1999/01/05,B,103,103,100,100,7801
1999/01/05,C,59,59,56,56,13371
1999/01/06,A,18.2,19.5,18,19,9380
1999/01/06,B,100,103.5,97.5,101,7713
1999/01/06,C,56,58,54,57,19101
1999/01/07,A,19.5,19.8,19,19.7,8225
1999/01/07,B,103,104,101,103,6770
1999/01/07,C,58,59,56.5,58,13602
1999/01/08,A,19.7,19.8,19.2,19.3,7139
1999/01/08,B,102.5,107,101,107,11940
1999/01/08,C,58,59,57,57.5,13368
1999/01/11,A,19.3,19.5,18.9,18.9,5012
1999/01/11,B,105.5,105.5,103,103,6901
1999/01/11,C,58,58.5,56.5,57,8497
1999/01/12,A,18.9,19.4,18.8,18.8,4134
1999/01/12,B,103,105,102,102,5443
1999/01/12,C,57,57.5,56,56,9295
1999/01/13,A,18.8,19,18.6,18.7,3444
1999/01/13,B,102,103,101,101.5,4306
1999/01/13,C,56,56,55,55.5,9917
1999/01/14,A,18.5,18.9,18.5,18.7,4244
1999/01/14,B,101,102,100.5,100.5,5530
1999/01/14,C,55,56,55,55.5,8667
1999/01/15,A,18.6,20,18.6,20,13114
1999/01/15,B,100,107,100,105.5,14648
1999/01/15,C,55,58.5,55,58.5,16816
1999/01/16,A,20.4,21,20.2,20.6,19362
1999/01/16,B,105.5,108,105,105,14667
1999/01/16,C,59,60,58,58,20780
1999/01/18,A,20.6,20.6,20,20,7083
1999/01/18,B,105,105,102,102,5255
1999/01/18,C,58,58,56.5,56.5,6453
1999/01/19,A,20,20.5,19.8,19.9,6488
1999/01/19,B,102,104,102,104,4137
1999/01/19,C,56,57.5,56,56.5,6087
1999/01/20,A,20,20.1,19.6,19.6,3398
1999/01/20,B,104,104,102,103,3258
1999/01/20,C,56.5,57,56,56.5,4726
1999/01/21,A,19.6,20.3,19.6,19.8,7866
1999/01/21,B,103,105,103,103.5,6437
1999/01/21,C,56.5,58,56.5,56.5,7135
1999/01/22,A,19.9,20.2,19.7,19.7,5394
1999/01/22,B,104,104,102,102,4996
1999/01/22,C,56.5,57,56,56.5,6910
1999/01/25,A,19.4,19.5,18.9,19,4803
1999/01/25,B,101,102,100,100.5,6107
1999/01/25,C,56,56.5,55,55,9991
1999/01/26,A,19.1,19.7,19,19.7,3724
1999/01/26,B,100.5,102,100,101.5,3972
1999/01/26,C,55,56,55,55.5,7483
1999/01/27,A,19.7,19.8,19.3,19.3,3430
1999/01/27,B,102.5,102.5,101,101.5,3620
1999/01/27,C,56,56.5,55,55,7130
1999/01/28,A,19.1,19.4,19,19,3973
1999/01/28,B,101,102,100.5,100.5,2431
1999/01/28,C,55,55.5,54,54,10182
1999/01/29,A,19,19.2,18.7,18.8,4703
1999/01/29,B,100.5,101.5,100,100,4135
1999/01/29,C,54,54.5,52.5,52.5,13772
1999/01/30,A,18.8,19.1,18.7,18.8,2753
1999/01/30,B,100,102,100,100.5,4152
1999/01/30,C,52,53.5,51.5,53,9384
1999/02/01,A,18.6,18.9,18.5,18.5,3864
1999/02/01,B,100.5,100.5,98,98.5,6228
1999/02/01,C,52,52.5,50.5,50.5,9103
1999/02/02,A,18.5,18.8,18.1,18.4,5149
1999/02/02,B,98.5,99.5,97,97.5,6783
1999/02/02,C,50.5,51,48,48.3,21731
1999/02/03,A,18.1,18.4,17.4,17.6,8007
1999/02/03,B,96,97.5,94.5,95.5,8544
1999/02/03,C,46.3,48,46.3,47.1,19015
1999/02/04,A,17.2,17.2,16.4,16.4,12637
1999/02/04,B,95.5,96.5,92,92.5,9598
1999/02/04,C,47.1,47.5,43.9,44.1,24927
1999/02/05,A,15.3,16.2,15.3,15.3,23500
1999/02/05,B,92.5,94,91,91,9238
1999/02/05,C,43.8,46,43.8,44.3,22612
1999/02/06,A,15.8,16.3,15.8,16.3,15424
1999/02/06,B,91.5,95,91.5,94,8522
1999/02/06,C,45,47.4,45,47.4,21976
1999/02/08,A,17.2,17.4,17,17.4,25114
1999/02/08,B,96,97,94.5,95.5,7789
1999/02/08,C,49,50.5,48.7,50.5,33936
1999/02/09,A,17.4,17.6,17.1,17.6,12487
1999/02/09,B,95.5,95.5,94,94,4684
1999/02/09,C,50,50,49,49.1,16518
1999/02/10,A,17.5,18.8,17.3,18.7,29489
1999/02/10,B,94,96.5,93.5,95.5,6812
1999/02/10,C,48.7,50.5,48.6,49.9,22501
1999/02/20,A,20,20,20,20,12259
1999/02/20,B,102,102,100.5,102,9900
1999/02/20,C,53,53,52,53,24279
1999/02/22,A,21.4,21.4,21.4,21.4,9956
1999/02/22,B,109,109,109,109,16981
1999/02/22,C,54,56.5,54,56.5,40486
1999/02/23,A,22.8,22.8,21.6,21.9,81067
1999/02/23,B,113,113,107.5,109.5,44523
1999/02/23,C,57,57,53.5,53.5,45489
1999/02/24,A,21.9,22.7,21.6,22,60472
1999/02/24,B,111,113,109,112,26214
1999/02/24,C,53,54.5,52.5,54,27082
1999/02/25,A,22.6,23.5,22.3,23.5,84818
1999/02/25,B,112,113,109,109.5,16129
1999/02/25,C,54.5,55,53.5,54,17553
1999/02/26,A,23.4,23.5,22.6,23.3,32721
1999/02/26,B,109,109.5,108,109.5,7311
1999/02/26,C,54,54,53,53.5,8935
1999/03/01,A,23.1,23.1,22.3,22.5,23941
1999/03/01,B,109.5,109.5,108,108,5760
1999/03/01,C,54,54,53,53.5,8804
1999/03/02,A,22.8,23.1,22.3,22.7,25860
1999/03/02,B,108,110,106.5,107,7933
1999/03/02,C,54,54.5,53,53,8231
1999/03/03,A,22.7,24.2,22.7,24.2,66022
1999/03/03,B,107,112,106.5,109.5,15903
1999/03/03,C,53,55.5,53,54.5,18348
1999/03/04,A,25,25.3,24.5,24.6,113639
1999/03/04,B,111,111,107.5,107.5,8218
1999/03/04,C,54.5,55,53.5,53.5,10847
1999/03/05,A,24.7,25.2,23.7,25.2,65629
1999/03/05,B,108,109.5,107,107.5,7518
1999/03/05,C,53.5,54,53,53,8702
1999/03/06,A,25.6,26,25.1,25.3,81091
1999/03/06,B,109.5,110.5,108,108,11197
1999/03/06,C,54,54.5,53.5,54,9401
1999/03/08,A,25.1,25.3,24.7,24.9,26121
1999/03/08,B,109,109,108,109,4694
1999/03/08,C,54,54.5,53.5,54,4432
1999/03/09,A,24.5,25.6,24.4,24.9,56637
1999/03/09,B,109.5,110,109,109,8677
1999/03/09,C,54,54.5,53.5,53.5,10649
1999/03/10,A,25,25.3,24.8,25.1,40611
1999/03/10,B,109,109,107,107.5,8224
1999/03/10,C,53.5,54,53,53.5,6180
1999/03/11,A,25.1,25.2,24.3,24.4,31669
1999/03/11,B,107.5,108,106,106,8468
1999/03/11,C,53.5,54,53,53,5307
1999/03/12,A,24.5,25.1,24.5,25,32168
1999/03/12,B,106,107,105,106,6779
1999/03/12,C,53,55,53,55,26864
1999/03/15,A,24.8,25.3,24.5,25.3,33157
1999/03/15,B,106,107,104.5,107,8783
1999/03/15,C,56,58,55.5,58,43738
1999/03/16,A,25.3,25.3,24.4,24.4,27270
1999/03/16,B,107.5,111,107,108.5,18036
1999/03/16,C,58.5,59.5,57,57,37752
1999/03/17,A,24.4,25,24.4,24.7,25986
1999/03/17,B,109,110,107,108,12990
1999/03/17,C,57,58.5,57,57,22939
1999/03/18,A,25,26,24.6,26,40843
1999/03/18,B,108,109,107,107.5,9443
1999/03/18,C,57.5,58.5,57,58.5,23133
1999/03/19,A,26.2,27,25.7,25.8,93948
1999/03/19,B,109,112,109,109.5,25971
1999/03/19,C,59,59.5,58.5,58.5,22235
1999/03/20,A,25.8,26.1,25.1,25.6,36570
1999/03/20,B,110.5,112,109.5,109.5,17310
1999/03/20,C,59,59.5,58.5,58.5,19372
1999/03/22,A,25.5,25.5,25.1,25.2,15762
1999/03/22,B,110.5,111.5,110,110.5,9977
1999/03/22,C,59,59,58,58.5,10171
1999/03/23,A,25.2,25.6,24.5,24.5,28574
1999/03/23,B,111.5,112.5,108,108,12975
1999/03/23,C,59,59,57.5,58,20148
1999/03/24,A,24.2,24.6,24.1,24.3,22317
1999/03/24,B,107,107.5,106,106,9609
1999/03/24,C,57,57.5,56,56,15971
1999/03/25,A,24.2,24.8,24.1,24.2,19251
1999/03/25,B,106,107,106,107,4397
1999/03/25,C,56.5,57,56,57,8789
1999/03/26,A,24.5,24.8,24.5,24.6,22972
1999/03/26,B,107.5,108,106.5,106.5,5709
1999/03/26,C,57.5,58,57,57,10137
1999/03/29,A,24.6,24.7,24.2,24.2,11943
1999/03/29,B,107,108,106,106.5,6334
1999/03/29,C,57,57.5,56,56,10688
1999/03/30,A,24.5,24.7,24.2,24.3,16895
1999/03/30,B,107.5,107.5,106,106.5,4534
1999/03/30,C,56.5,57,56,56.5,8784
1999/03/31,A,24.4,25.1,24.4,24.6,35257
1999/03/31,B,107,107.5,106.5,107,3780
1999/03/31,C,56.5,57,56,56,5408
1999/04/01,A,24.6,25.2,24.5,25.2,27520
1999/04/01,B,107,108.5,107,108,6946
1999/04/01,C,56,57,56,57,8316
1999/04/02,A,25.6,26.9,25.6,26.9,97960
1999/04/02,B,109.5,113,109,112.5,26115
1999/04/02,C,57.5,59,57.5,59,31260
1999/04/03,A,27.4,27.6,26.9,26.9,93003
1999/04/03,B,115,115,111.5,111.5,29805
1999/04/03,C,59.5,59.5,58,58.5,16968
1999/04/06,A,27.1,27.1,26.3,26.4,23635
1999/04/06,B,113,113,111,111.5,7889
1999/04/06,C,58.5,58.5,58,58,10337
1999/04/07,A,26.6,27,26.5,26.5,25582
1999/04/07,B,112,113,111,111.5,5774
1999/04/07,C,58.5,59,58,58,8066
1999/04/08,A,26.8,27.2,26.6,26.7,30031
1999/04/08,B,112,114,112,112.5,14350
1999/04/08,C,58.5,59.5,58,59,18018
1999/04/09,A,27.2,27.5,26.4,26.4,37119
1999/04/09,B,113.5,115,111.5,111.5,11804
1999/04/09,C,59.5,62,59.5,60.5,54527
1999/04/12,A,26.5,26.6,25.5,25.7,26663
1999/04/12,B,111.5,111.5,109,109.5,9709
1999/04/12,C,60.5,61,60,61,22335
1999/04/13,A,26.1,26.3,25.5,25.7,18698
1999/04/13,B,110,111,110,110,5402
1999/04/13,C,61.5,63,61.5,63,46147
1999/04/14,A,26,27,26,26.8,40564
1999/04/14,B,111.5,114,110,113.5,17291
1999/04/14,C,63.5,64.5,63.5,63.5,40565
1999/04/15,A,27.1,28.6,26.5,28.6,104689
1999/04/15,B,114,115,112,114.5,18691
1999/04/15,C,64,64,62,63,28245
1999/04/16,A,29.6,29.8,28.5,29.4,152051
1999/04/16,B,119.5,122,117.5,122,76543
1999/04/16,C,64,64.5,62.5,63.5,31206
1999/04/17,A,29.4,29.7,28.4,29.7,57165
1999/04/17,B,122,123,119,122,33707
1999/04/17,C,63.5,64,63,64,18398
1999/04/19,A,29.7,30,28.8,28.8,57802
1999/04/19,B,123,126,120.5,121,36419
1999/04/19,C,64.5,65.5,64,64.5,36756
1999/04/20,A,28.8,30,28.5,29.6,87370
1999/04/20,B,121,124,120.5,122.5,25837
1999/04/20,C,64,64.5,63,63.5,16808
1999/04/21,A,29.9,30,28,28.5,73083
1999/04/21,B,124,127,123,123.5,50896
1999/04/21,C,63.5,64,61.5,61.5,21759
1999/04/22,A,29,29.5,28.7,28.9,59357
1999/04/22,B,126,128,125,127.5,42493
1999/04/22,C,62,62.5,61.5,61.5,13943
1999/04/23,A,28.9,29.4,28.5,28.9,38921
1999/04/23,B,128.5,128.5,126,126.5,27005
1999/04/23,C,62.5,63,62,62.5,11714
1999/04/26,A,28.9,28.9,28.1,28.2,21552
1999/04/26,B,127,127,124.5,124.5,14331
1999/04/26,C,62.5,62.5,61.5,62,10023
1999/04/27,A,28,28.8,27.8,28.5,35202
1999/04/27,B,124,124,121,121,18267
1999/04/27,C,62,62.5,61.5,62,10021
1999/04/28,A,28.7,29,28.3,28.4,29104
1999/04/28,B,121,122.5,120,120.5,12627
1999/04/28,C,62,62.5,61,61,8713
1999/04/29,A,28.4,28.7,27.8,27.8,20479
1999/04/29,B,120,120,116,117,16619
1999/04/29,C,60.5,61,59.5,60,16841
1999/04/30,A,27.9,28.8,27.5,28.6,31863
1999/04/30,B,116,118,115.5,117,10512
1999/04/30,C,59.5,61,59,60,12981
1999/05/03,A,29,29.5,28.8,28.9,37713
1999/05/03,B,118,119,117,118.5,7715
1999/05/03,C,60,61,60,60.5,8498
1999/05/04,A,29.3,30.8,29.1,30.8,94263
1999/05/04,B,119.5,122,119.5,122,14436
1999/05/04,C,61,64.5,61,64.5,45406
1999/05/05,A,30.7,30.9,30,30.2,55796
1999/05/05,B,122,122,120,120,8918
1999/05/05,C,64.5,66,64,65,55973
1999/05/06,A,30.5,30.6,29.5,29.6,41068
1999/05/06,B,121,121,118.5,119,9645
1999/05/06,C,65.5,66,64,64.5,29557
1999/05/07,A,29.6,30.3,29.2,29.3,29962
1999/05/07,B,119,120,118,118,6586
1999/05/07,C,64.5,65,63,63,22298
1999/05/10,A,29.3,29.5,28.8,29.4,17685
1999/05/10,B,117.5,121.5,117,121.5,5492
1999/05/10,C,63,65,62.5,65,18100
1999/05/11,A,29.9,30.5,29.3,29.3,47320
1999/05/11,B,121.5,123,119,119.5,12730
1999/05/11,C,65.5,67.5,65,65,62139
1999/05/12,A,29.7,29.9,29.4,29.9,28108
1999/05/12,B,120,120,118,118,6840
1999/05/12,C,66,66,64.5,65,31554
1999/05/13,A,30,30.4,29.7,29.8,38135
1999/05/13,B,118,120,117.5,118,6436
1999/05/13,C,65,66,64.5,65,25379
1999/05/14,A,30.4,31.7,30.4,31.4,94343
1999/05/14,B,119,122,119,122,12318
1999/05/14,C,65,67,65,67,45186
1999/05/15,A,31,31.3,30.6,30.8,39238
1999/05/15,B,121,122,120.5,121,8461
1999/05/15,C,66,66.5,65.5,65.5,17101
1999/05/17,A,31,31.9,30.9,31.1,67695
1999/05/17,B,123,125,121.5,121.5,17524
1999/05/17,C,66,66.5,65.5,65.5,22029
1999/05/18,A,31.9,32.2,31.2,32.2,80852
1999/05/18,B,122,122.5,119.5,120,8882
1999/05/18,C,65.5,66,64.5,65.5,17442
1999/05/19,A,32.8,33,32.2,32.5,66126
1999/05/19,B,120.5,122,119.5,120.5,9769
1999/05/19,C,65.5,68.5,65.5,68,76898
1999/05/20,A,33,33,31.7,31.7,38652
1999/05/20,B,122,122,119.5,119.5,6741
1999/05/20,C,68.5,69,66,66.5,35723
1999/05/21,A,32.2,32.4,31.7,32.2,28531
1999/05/21,B,120,120.5,119,119,5666
1999/05/21,C,66.5,67,65.5,66,17952
1999/05/24,A,32.6,33.2,32.3,32.8,43805
1999/05/24,B,119,119.5,117.5,118,7852
1999/05/24,C,66,66.5,65,65,16889
1999/05/25,A,32.5,32.5,31.1,31.1,38913
1999/05/25,B,117,118,115,115,10984
1999/05/25,C,65,66,64.5,65,26876
1999/05/26,A,31,32,30.8,32,30710
1999/05/26,B,114,116.5,114,115,6739
1999/05/26,C,64.5,66,64.5,65,17532
1999/05/27,A,32.2,32.2,31.5,31.5,19766
1999/05/27,B,115.5,116,114,114,7763
1999/05/27,C,65.5,65.5,64.5,64.5,17444
1999/05/28,A,31.2,31.3,30.8,30.9,21510
1999/05/28,B,113.5,114,112,112,8751
1999/05/28,C,64.5,64.5,63.5,63.5,16127
1999/05/29,A,31.7,32.1,31,31.3,31228
1999/05/29,B,114,114,113,113,5101
1999/05/29,C,64,65,63.5,63.5,14439
1999/05/31,A,31.5,31.5,30.8,31.2,16215
1999/05/31,B,113,113.5,110,110.5,6920
1999/05/31,C,64,64,62.5,63,15021
1999/06/01,A,31.5,31.7,31.4,31.7,13464
1999/06/01,B,110,112,110,112,3784
1999/06/01,C,63,63.5,62.5,63,7156
1999/06/02,A,31.9,32.5,31.8,31.9,43802
1999/06/02,B,112.5,113,111.5,111.5,7681
1999/06/02,C,63.5,64.5,63.5,64,9796
1999/06/03,A,32.1,33,31.5,32.3,60481
1999/06/03,B,111.5,114,110.5,113.5,10246
1999/06/03,C,64.5,66,64.5,65,24508
1999/06/04,A,32.7,32.7,32,32,26447
1999/06/04,B,113.5,114,111,111.5,6187
1999/06/04,C,65.5,66,64,64,13466
1999/06/05,A,32.5,33.3,32.2,32.5,47972
1999/06/05,B,112,113,111.5,112,4975
1999/06/05,C,64,65.5,64,64.5,14020
1999/06/07,A,32.8,34.5,32.8,34.5,91077
1999/06/07,B,112.5,115,112,115,9481
1999/06/07,C,65,66.5,64.5,66.5,33933
1999/06/08,A,35.2,35.2,34.1,34.5,70605
1999/06/08,B,116,116.5,112.5,113,8494
1999/06/08,C,67,67.5,65.5,65.5,25007
1999/06/09,A,34.9,36.1,34.9,36,88023
1999/06/09,B,113,114.5,112,112.5,7149
1999/06/09,C,66,66.5,65.5,65.5,26023
1999/06/10,A,36.3,38.1,36.3,37.6,112078
1999/06/10,B,113,116,113,115,14699
1999/06/10,C,66.5,68.5,66.5,67,70180
1999/06/11,A,38,38.5,37.2,37.7,79908
1999/06/11,B,116,119,115,119,21063
1999/06/11,C,67.5,68,67,68,33419
1999/06/14,A,38,38,37.2,37.2,32145
1999/06/14,B,119,119,116,116.5,8112
1999/06/14,C,68.5,68.5,67,67,20407
1999/06/15,A,37.8,38.3,37.3,37.8,56319
1999/06/15,B,116,117,114,114.5,7440
1999/06/15,C,67.5,69,67,67.5,43933
1999/06/16,A,38,38.9,37.3,38.9,42384
1999/06/16,B,114.5,115,112.5,113.5,12436
1999/06/16,C,67.5,70,67,70,56723
1999/06/17,A,39.4,40.7,38.5,40.4,91003
1999/06/17,B,115,116.5,113.5,116,16691
1999/06/17,C,72,74.5,71.5,74.5,152166
1999/06/21,A,40.4,40.8,39.5,39.8,66852
1999/06/21,B,117,120.5,116.5,120,34671
1999/06/21,C,76,79.5,75.5,79.5,140156
1999/06/22,A,40.2,41.3,39.8,41,59452
1999/06/22,B,121.5,122,118.5,120.5,20755
1999/06/22,C,81,81.5,78,80,101047
1999/06/23,A,42,43,41,41,83370
1999/06/23,B,122,124,119,119,27308
1999/06/23,C,80,83,78.5,78.5,78191
1999/06/24,A,39.1,41.3,39.1,39.1,58280
1999/06/24,B,117,117.5,114,114.5,12669
1999/06/24,C,78,79.5,75.5,76,77171
1999/06/25,A,39.1,41.3,39.1,39.1,58240
1999/06/25,B,117,117.5,114,114.5,12618
1999/06/25,C,78,79.5,75.5,76,77008
1999/06/28,A,39.1,39.6,38.5,38.9,29992
1999/06/28,B,116,116.5,115,116,8345
1999/06/28,C,76.5,78,76,78,39482
1999/06/29,A,39.8,40.5,39.5,40.1,42077
1999/06/29,B,116.5,118,116.5,117.5,8891
1999/06/29,C,80,81.5,79.5,81.5,65611
1999/06/30,A,40.2,40.2,38.8,38.8,34357
1999/06/30,B,119,119,115.5,116,9824
1999/06/30,C,82.5,82.5,80,80.5,46325
1999/07/02,A,39.3,39.6,38.2,38.8,40296
1999/07/02,B,116,118,115,116,9309
1999/07/02,C,80.5,84,80,82,76562
1999/07/03,A,39,40,38.8,38.8,24949
1999/07/03,B,116.5,120,116,117,14387
1999/07/03,C,82.5,85,82,82.5,63157
1999/07/05,A,39,39.6,38.8,38.8,17126
1999/07/05,B,117,118,116.5,117,7764
1999/07/05,C,83.5,84,82,82,27157
1999/07/06,A,38.8,39,37.7,37.8,27357
1999/07/06,B,117,117.5,115,115,6594
1999/07/06,C,82,82.5,80,80,32865
1999/07/07,A,38,38.6,37,38.3,22136
1999/07/07,B,115.5,116,115,115,5015
1999/07/07,C,80,80.5,78.5,79.5,24928
1999/07/08,A,38.9,39.4,38.7,38.9,19670
1999/07/08,B,116,118,115.5,116,6875
1999/07/08,C,80,82,79.5,81.5,31051
1999/07/09,A,38.5,38.9,38,38.1,13991
1999/07/09,B,117,118,116.5,117.5,8255
1999/07/09,C,82,82.5,80,80,22021
1999/07/12,A,38.2,38.3,37,37,17367
1999/07/12,B,118,118,115.5,115.5,6196
1999/07/12,C,80,81,79.5,80,22339
1999/07/13,A,36.5,36.5,34.6,35.6,35438
1999/07/13,B,115,115,113,113,10452
1999/07/13,C,80,80.5,78,78,48576
1999/07/14,A,30.8,32.4,30.5,30.7,62515
1999/07/14,B,112.5,114,108,108,17954
1999/07/14,C,77,78.5,73,74,67587
1999/07/15,A,31.9,31.9,31.1,31.8,33017
1999/07/15,B,96,98,95.5,98,13905
1999/07/15,C,74,75,72,74,40416
1999/07/16,A,31.8,31.8,29.6,29.6,27092
1999/07/16,B,98,98.5,91.5,91.5,18891
1999/07/16,C,75,75.5,69,69,39494
1999/07/17,A,27.6,29,27.6,28.4,33661
1999/07/17,B,88,91.5,88,91,13819
1999/07/17,C,64.5,68.5,64.5,66.5,51496
1999/07/19,A,28.5,29,27.7,28.7,23449
1999/07/19,B,91,93,90,91.5,8614
1999/07/19,C,67,69,66,68.5,37470
1999/07/20,A,30,30.7,29.5,30.7,24443
1999/07/20,B,93,96.5,92,95.5,10948
1999/07/20,C,71.5,73,71,73,27865
1999/07/21,A,30.1,30.8,29.5,30.3,17972
1999/07/21,B,94,94.5,93,93.5,6965
1999/07/21,C,72.5,76,71.5,75,43909
1999/07/22,A,30,30.5,29.5,29.5,15230
1999/07/22,B,93,94,92,92.5,4191
1999/07/22,C,75,75,73,73,26593
1999/07/23,A,29.5,30.4,29.5,30.2,14127
1999/07/23,B,92,93,91.5,93,3164
1999/07/23,C,72,73,72,72.5,21636
1999/07/26,A,29.9,30.4,29.5,29.6,9817
1999/07/26,B,92.5,93,91,91,3594
1999/07/26,C,73,73,70,70.5,31963
1999/07/27,A,29,29.4,28.5,28.5,15639
1999/07/27,B,91,91.5,90,90.5,6381
1999/07/27,C,70,70,67,67.5,62890
1999/07/28,A,29,29.1,28.4,28.4,13012
1999/07/28,B,91,92.5,91,91,4332
1999/07/28,C,53.5,55,53.5,54,47536
1999/07/29,A,28,28.8,27.8,27.8,12653
1999/07/29,B,91,92,90,90.5,2946
1999/07/29,C,54,54.5,53,53,26875
1999/07/30,A,27,29.3,27,28.9,14580
1999/07/30,B,90,92,89,91,3910
1999/07/30,C,50.5,53,50.5,52.5,13400
1999/07/31,A,28.9,29.2,28,28.2,12177
1999/07/31,B,92,92,90.5,90.5,2532
1999/07/31,C,52.5,53.5,52,52,14401
1999/08/02,A,28.2,28.6,27.2,27.2,7570
1999/08/02,B,90.5,91,90,90,2847
1999/08/02,C,52,52.5,50.5,50.5,12464
1999/08/03,A,27,27.2,26,26.1,12706
1999/08/03,B,89.5,91,88,89.5,4976
1999/08/03,C,50,50.5,48.9,50,22983
1999/08/04,A,26.6,26.8,26,26,11172
1999/08/04,B,90,90.5,88,88,5051
1999/08/04,C,50,51,50,50,13404
1999/08/05,A,26,26.2,24.7,24.7,15800
1999/08/05,B,87,87.5,85,85,8463
1999/08/05,C,50,50,49,49,16254
1999/08/06,A,25.3,25.3,23,23.3,17057
1999/08/06,B,86,87,83,83,10851
1999/08/06,C,49,49.6,48,48,17953
1999/08/07,A,23.3,24,22,23.8,19969
1999/08/07,B,83,85,82,85,6334
1999/08/07,C,48,50.5,48,50.5,23272
1999/08/09,A,23.9,23.9,23.4,23.8,7980
1999/08/09,B,86,86,83.5,83.5,4313
1999/08/09,C,50.5,51,50,50,11806
1999/08/10,A,23.9,25.4,23.8,25.4,25599
1999/08/10,B,83.5,85,83,85,8970
1999/08/10,C,50,52.5,50,52.5,28002
1999/08/11,A,25.5,26.1,25.1,25.8,26309
1999/08/11,B,84.5,84.5,83,83,4750
1999/08/11,C,52,52,50.5,50.5,16975
1999/08/12,A,26,27.1,26,26.8,28615
1999/08/12,B,83.5,85,83.5,84.5,4458
1999/08/12,C,51.5,52,51,51,18460
1999/08/13,A,28.6,28.6,28,28.6,32751
1999/08/13,B,90,90,89,90,15704
1999/08/13,C,54.5,54.5,52.5,53.5,35688
1999/08/16,A,30.4,30.6,30,30.6,26604
1999/08/16,B,96,96,95,96,12768
1999/08/16,C,55,57,54.5,57,52802
1999/08/17,A,32.5,32.7,31.5,32.7,78486
1999/08/17,B,101,102,98,102,41989
1999/08/17,C,57.5,58,55.5,57,50961
1999/08/18,A,33.5,34,32.9,33,69095
1999/08/18,B,104,104,100,100,19841
1999/08/18,C,57.5,58,56,56,27990
1999/08/19,A,32.5,32.8,31.8,32.1,26714
1999/08/19,B,100,100,98,99,9267
1999/08/19,C,55.5,56,55,55,14605
1999/08/20,A,32.1,33.2,32.1,33.2,29549
1999/08/20,B,99,101.5,98.5,101,11791
1999/08/20,C,55,56.5,55,56,16711
1999/08/21,A,34,35,33.5,33.7,54954
1999/08/21,B,102,105,101,101,23795
1999/08/21,C,57,58.5,57,57,34628
1999/08/23,A,33.9,34,33.1,33.3,23181
1999/08/23,B,102,102,99,99,8117
1999/08/23,C,57,57.5,56,56,11706
1999/08/24,A,33.7,34.1,32,32,21424
1999/08/24,B,100,101,98,98,8157
1999/08/24,C,57,57.5,55,55,15310
1999/08/25,A,31.5,33,31.5,32.4,22326
1999/08/25,B,98,100,97,99,8612
1999/08/25,C,55,56,54.5,55.5,14627
1999/08/26,A,32.9,33.7,32.5,32.9,28917
1999/08/26,B,99,101.5,98,98,12277
1999/08/26,C,56,56.5,55,55.5,17593
1999/08/27,A,32.4,32.9,31.8,31.9,15697
1999/08/27,B,98,98.5,96,96.5,5603
1999/08/27,C,55.5,56,55,55,12392
1999/08/30,A,32,33,31.6,31.8,19404
1999/08/30,B,96.5,97.5,94.5,95,5989
1999/08/30,C,55,56,54.5,55.5,13378
1999/08/31,A,31.5,32.3,31.4,31.8,15988
1999/08/31,B,94.5,96,94,95.5,4947
1999/08/31,C,55,56,55,55.5,12960
1999/09/01,A,32.3,33,32,32.5,20010
1999/09/01,B,95.5,98,95.5,96,6925
1999/09/01,C,55.5,58,55.5,57.5,43534
1999/09/02,A,33,33.2,31.8,32,19495
1999/09/02,B,96.5,97.5,95.5,96,6064
1999/09/02,C,58.5,59,56.5,56.5,29255
1999/09/03,A,31.9,32,30.3,30.3,22588
1999/09/03,B,96,96,94,94,4618
1999/09/03,C,56,56.5,55.5,56,17292
1999/09/04,A,30.5,31,28.5,29.2,27957
1999/09/04,B,95,95,93,93,4514
1999/09/04,C,57,57.5,55.5,55.5,12635
1999/09/06,A,29.2,29.4,28.7,28.9,14326
1999/09/06,B,93,93,92,92.5,4885
1999/09/06,C,55.5,56,55,55.5,9249
1999/09/07,A,28.9,29.2,27.9,28.1,15602
1999/09/07,B,92.5,93,90,90.5,5646
1999/09/07,C,55.5,56,54,54.5,17224
1999/09/08,A,28,28.9,27.5,28,16358
1999/09/08,B,90.5,92,90,91,4869
1999/09/08,C,54,55,53.5,53.5,17873
1999/09/09,A,28.4,29.7,28,29.7,25242
1999/09/09,B,92,94,91,93.5,6810
1999/09/09,C,53.5,54.5,53,53.5,26926
1999/09/10,A,30.2,31.7,29.8,31.7,49489
1999/09/10,B,94,95,93.5,94,5608
1999/09/10,C,54,55,53.5,54,22808
1999/09/13,A,31.9,31.9,30.5,30.5,24567
1999/09/13,B,94,94.5,93,93.5,3812
1999/09/13,C,54.5,54.5,53.5,53.5,16407
1999/09/14,A,30.4,30.9,29.7,30.5,22439
1999/09/14,B,93,93.5,92,92,3095
1999/09/14,C,54,54.5,53.5,53.5,16253
1999/09/15,A,30.6,30.7,29.7,29.7,10848
1999/09/15,B,92,92.5,91,91,2703
1999/09/15,C,54,54.5,53.5,53.5,14318
1999/09/16,A,29.1,30.4,29.1,29.5,12457
1999/09/16,B,90,92,90,92,3595
1999/09/16,C,53.5,54,53,53.5,13029
1999/09/17,A,30.5,30.7,29.7,30,17230
1999/09/17,B,91.5,92,90,90,4278
1999/09/17,C,54,54,53,53,9349
1999/09/18,A,30.4,30.7,30,30,7868
1999/09/18,B,92,92,91,91,2463
1999/09/18,C,54,54,53.5,53.5,9667
1999/09/20,A,30,30.6,30,30.3,8789
1999/09/20,B,91,91.5,90,90.5,1817
1999/09/20,C,53.5,54,53,53,6762
1999/09/27,A,29.3,29.3,29.3,29.3,370
1999/09/27,B,87.5,87.5,87.5,87.5,655
1999/09/27,C,51.5,51.5,51.5,51.5,512
1999/09/28,A,28.3,28.3,28.3,28.3,231
1999/09/28,B,84.5,84.5,84.5,84.5,450
1999/09/28,C,49.7,49.7,49.7,49.7,616
1999/09/29,A,27.4,28.3,27.4,28.3,30965
1999/09/29,B,82,82,82,82,5273
1999/09/29,C,48,49.7,48,49.7,38441
1999/09/30,A,27.9,28,27.4,27.4,27493
1999/09/30,B,82,83.5,82,82,19104
1999/09/30,C,49.2,49.5,48,48.2,27047
1999/10/01,A,27.7,28,27.3,27.3,26599
1999/10/01,B,82,83.5,82,83.5,7776
1999/10/01,C,48,49.6,48,48.8,53175
1999/10/02,A,27.4,27.8,26.4,26.5,23024
1999/10/02,B,83.5,84,82,82.5,5986
1999/10/02,C,48.9,49.5,48.4,48.6,25148
1999/10/04,A,26.5,26.5,25.6,25.9,17306
1999/10/04,B,82,83,82,82.5,4754
1999/10/04,C,48.6,48.9,48,48.3,14218
1999/10/05,A,25.9,26.3,25,25,17161
1999/10/05,B,82.5,83.5,82,82,5369
1999/10/05,C,48.5,48.7,47,47.1,22027
1999/10/06,A,24.6,24.9,24.2,24.2,16771
1999/10/06,B,82,82,80,81,6755
1999/10/06,C,46.7,47,45.6,45.7,17438
1999/10/07,A,24.5,25.8,24.5,25.8,33971
1999/10/07,B,81,83,81,82.5,5126
1999/10/07,C,46,47.7,46,46.8,20073
1999/10/08,A,25.8,26,25.1,25.4,22570
1999/10/08,B,82,82.5,80.5,80.5,5717
1999/10/08,C,47,47.2,46.4,46.5,12591
1999/10/11,A,25.7,26.4,25.7,25.9,16133
1999/10/11,B,80.5,81,80,80,4731
1999/10/11,C,46.5,47.2,46,46.3,13633
1999/10/12,A,26.3,27.2,26.1,26.8,22999
1999/10/12,B,80.5,82.5,80.5,82.5,5469
1999/10/12,C,46.6,48,46.6,47.9,19278
1999/10/13,A,26.8,27.5,26.5,27.5,20562
1999/10/13,B,82.5,83,82,82.5,4044
1999/10/13,C,48,48.5,47.5,47.6,15988
1999/10/14,A,27.3,28.2,27.1,27.6,22355
1999/10/14,B,82.5,83.5,82,83.5,6143
1999/10/14,C,46.5,47.8,46.5,47.1,18479
1999/10/15,A,27.7,28.4,27.6,27.6,17900
1999/10/15,B,83.5,84,82.5,82.5,4496
1999/10/15,C,46.6,47,46.5,46.6,16369
1999/10/16,A,27,29.2,27,28.7,44068
1999/10/16,B,82,83.5,81.5,82.5,4142
1999/10/16,C,46,47.4,46,46.8,14884
1999/10/18,A,27.8,28,27.3,27.5,15351
1999/10/18,B,82,82,81,81.5,3275
1999/10/18,C,46.3,46.5,46,46.2,9270
1999/10/19,A,27.2,27.8,27,27,8161
1999/10/19,B,81.5,81.5,80.5,80.5,3537
1999/10/19,C,46.4,46.6,46.2,46.3,8413
1999/10/20,A,27.2,27.9,27.1,27.2,14264
1999/10/20,B,80.5,81.5,80.5,81.5,5381
1999/10/20,C,46.4,46.9,46.3,46.4,8872
1999/10/21,A,28.5,28.5,27.6,27.6,27751
1999/10/21,B,82,82,80,80.5,7740
1999/10/21,C,47,47.1,46.4,46.4,7656
1999/10/22,A,27.7,27.9,27,27.5,14096
1999/10/22,B,80.5,81,80,80,4320
1999/10/22,C,46.5,46.7,46,46,8789
1999/10/25,A,27.8,29,27.7,28.4,36875
1999/10/25,B,80,82,80,81.5,5570
1999/10/25,C,46,47.2,46,46.5,12533
1999/10/26,A,28.4,29.8,28.3,29.3,52977
1999/10/26,B,81.5,82.5,81,81.5,5656
1999/10/26,C,47,47.6,46.6,46.8,14453
1999/10/27,A,29.4,30,29,29.6,43292
1999/10/27,B,81.5,82,81,81,2204
1999/10/27,C,47,47.2,46.6,46.8,6784
1999/10/28,A,29.5,29.6,29,29,18192
1999/10/28,B,81.5,81.5,80,80.5,4707
1999/10/28,C,46.8,48,46.8,47.2,18214
1999/10/29,A,29.5,29.6,28.5,29.1,20513
1999/10/29,B,81,82,80.5,82,6547
1999/10/29,C,48,48,47,47.1,11537
1999/10/30,A,29.3,29.5,28.8,29.3,20413
1999/10/30,B,82.5,83,81.5,82.5,5872
1999/10/30,C,47.5,48.4,47.3,48.4,21661
1999/11/01,A,29.5,29.6,29,29,13510
1999/11/01,B,82.5,83,81.5,81.5,4200
1999/11/01,C,48.6,48.6,47.8,47.8,11213
1999/11/02,A,28.8,29,27.8,27.8,15758
1999/11/02,B,81.5,82,80.5,80.5,3874
1999/11/02,C,47.5,47.5,47,47.1,8956
1999/11/03,A,27.8,28.3,27.3,27.3,22941
1999/11/03,B,80.5,81,80.5,80.5,2954
1999/11/03,C,47,47.3,46.5,46.5,8429
1999/11/04,A,27.3,27.5,26.3,26.6,18292
1999/11/04,B,80.5,81,80,80,6227
1999/11/04,C,46.5,47,46.1,46.1,8771
1999/11/05,A,26.6,27.5,26.2,27.4,11047
1999/11/05,B,80,80.5,80,80.5,5073
1999/11/05,C,46.1,46.5,46,46.3,7838
1999/11/06,A,27.4,27.5,26,26.4,19019
1999/11/06,B,81,81,80,80,3312
1999/11/06,C,46.5,46.6,45.6,45.6,10446
1999/11/08,A,25.9,27.1,25.9,26.7,13761
1999/11/08,B,80,80,78,79,6027
1999/11/08,C,45.5,45.7,45,45.3,9331
1999/11/09,A,26.9,26.9,26.2,26.5,5637
1999/11/09,B,79,79,78,78,4000
1999/11/09,C,45.3,45.5,45,45,7004
1999/11/10,A,26.5,27.9,26.5,26.9,27464
1999/11/10,B,78,80.5,77.5,79,5736
1999/11/10,C,45,47,45,45.6,13435
1999/11/11,A,27,27.2,26.5,26.7,12861
1999/11/11,B,79,80,78.5,79,3352
1999/11/11,C,46.4,46.4,45.6,45.8,6494
1999/11/15,A,27.3,27.3,26.2,26.2,9785
1999/11/15,B,79.5,79.5,77,77,5764
1999/11/15,C,46,46,45.3,45.4,6559
1999/11/16,A,26.3,26.6,26.1,26.6,11632
1999/11/16,B,77,78,75.5,76,8947
1999/11/16,C,45.3,45.9,45,45.3,11560
1999/11/17,A,27,27.4,26.8,26.8,15250
1999/11/17,B,76.5,77,76,76.5,5113
1999/11/17,C,45.5,46,45,45.1,12406
1999/11/18,A,27,27.7,26.9,27.4,20933
1999/11/18,B,75.5,76,75,75,7597
1999/11/18,C,45,45.9,44.5,44.8,29306
1999/11/19,A,27.9,28.5,27.9,28,30053
1999/11/19,B,75,76.5,75,76,7421
1999/11/19,C,45,46.2,45,45.6,36148
1999/11/20,A,28.8,29.1,28.2,28.4,27713
1999/11/20,B,77,77.5,77,77.5,6765
1999/11/20,C,46.3,46.9,45.6,45.6,29094
1999/11/22,A,28.8,29.4,28.4,29.1,37735
1999/11/22,B,78,80,77.5,80,9160
1999/11/22,C,46,47.6,45.7,47.4,50602
1999/11/23,A,29.5,29.8,28.5,28.7,27901
1999/11/23,B,81.5,82,80,80,7841
1999/11/23,C,48,48.3,46.5,46.7,36967
1999/11/24,A,28.2,28.7,27.2,27.2,16725
1999/11/24,B,79.5,80,78,78,5011
1999/11/24,C,46.4,46.7,45.6,45.6,22030
1999/11/25,A,27.2,27.8,26.8,27.8,19613
1999/11/25,B,78,78.5,77,77,4543
1999/11/25,C,45.6,45.8,45,45.4,17861
1999/11/26,A,27.8,29,27,27.2,51816
1999/11/26,B,77,78,75.5,76,7400
1999/11/26,C,45.4,46.4,44.3,44.4,34133
1999/11/29,A,28,29.1,27.6,29.1,47380
1999/11/29,B,76,79.5,76,78.5,8669
1999/11/29,C,45.4,46.8,45,46.1,39360
1999/11/30,A,31,31.1,29.8,29.9,156543
1999/11/30,B,78.5,79.5,77,77,5494
1999/11/30,C,46.6,47.3,45.7,45.8,35206
1999/12/01,A,29.9,30,29,29.7,45330
1999/12/01,B,78,78,77,77.5,2825
1999/12/01,C,46,46.2,45.2,45.2,14775
1999/12/02,A,29.9,30.4,29.5,30.2,42647
1999/12/02,B,78,78,77,77.5,3607
1999/12/02,C,45.6,45.9,45.2,45.3,12649
1999/12/03,A,30.7,32.3,30.5,31,177251
1999/12/03,B,78,81,77.5,80,12659
1999/12/03,C,45.5,46.5,45.5,45.7,19410
1999/12/04,A,31.6,33.1,31.2,33.1,160129
1999/12/04,B,81,81,78.5,78.5,5960
1999/12/04,C,46.5,46.9,46,46.1,35610
1999/12/06,A,33.3,33.3,31.4,31.9,70504
1999/12/06,B,78,78.5,76.5,77,8084
1999/12/06,C,46.5,46.8,45.2,45.5,18402
1999/12/07,A,32,32.9,31.5,31.6,70410
1999/12/07,B,76.5,77,75.5,75.5,7795
1999/12/07,C,45.9,45.9,45.1,45.2,15023
1999/12/08,A,32.2,33.1,31.9,32.5,80118
1999/12/08,B,75.5,76,74.5,74.5,10595
1999/12/08,C,45.7,46,45,45,20593
1999/12/09,A,32.2,32.5,30.5,30.7,57012
1999/12/09,B,74,75.5,73,74.5,9552
1999/12/09,C,44.6,45,44.5,44.6,22875
1999/12/10,A,31,31.5,30.5,30.8,44279
1999/12/10,B,75,76,74,76,5002
1999/12/10,C,44.8,45,44.6,44.6,11373
1999/12/13,A,31.2,31.9,31,31.5,35218
1999/12/13,B,76.5,77,75,75,4254
1999/12/13,C,45,45.6,44.8,44.8,20219
1999/12/14,A,32.7,33.7,32.1,33.7,129720
1999/12/14,B,75,76,74.5,74.5,4325
1999/12/14,C,45,45.7,44.8,44.9,28957
1999/12/15,A,34.3,35.8,34.3,34.8,138244
1999/12/15,B,74.5,75,73.5,73.5,4005
1999/12/15,C,44.9,45.2,44.2,44.2,23826
1999/12/16,A,34.8,34.8,32.4,32.4,68429
1999/12/16,B,73,73.5,72,72,7642
1999/12/16,C,44.1,44.3,42.6,42.6,33477
1999/12/17,A,32.8,33.4,32,32.9,46983
1999/12/17,B,72,72.5,71,71,5334
1999/12/17,C,42.5,42.5,41.2,41.7,24063
1999/12/18,A,32.7,33.5,32.7,32.9,43508
1999/12/18,B,71.5,73.5,71.5,73,7182
1999/12/18,C,41.5,42.5,41.5,41.9,18627
1999/12/20,A,33.4,33.4,32.5,32.8,23859
1999/12/20,B,73,73,71,71.5,3180
1999/12/20,C,42.3,42.7,42,42.7,15460
1999/12/21,A,33,34.6,33,34.4,61171
1999/12/21,B,71.5,73,71,73,6701
1999/12/21,C,43,45.6,43,45.6,38217
1999/12/22,A,35.2,35.2,33.1,33.2,41369
1999/12/22,B,73,73.5,71.5,72,4341
1999/12/22,C,46.6,46.7,45.2,45.3,45570
1999/12/23,A,33.5,34.7,33.5,33.8,61368
1999/12/23,B,72,74,71.5,73,9404
1999/12/23,C,46,47.5,45.7,46.5,57239
1999/12/24,A,34.1,34.7,33.8,34,52987
1999/12/24,B,73,73.5,72,72,5117
1999/12/24,C,47.4,48.2,46.5,48,65574
1999/12/27,A,34.4,35.3,34.2,35.2,72682
1999/12/27,B,72.5,73,72,73,8037
1999/12/27,C,48.2,48.8,47.5,48.2,53778
1999/12/28,A,35.7,37.2,35.7,36.5,93986
1999/12/28,B,73,76.5,73,75.5,24493
1999/12/28,C,48.8,51,48.8,50,65424
2000/01/04,A,37.5,38.9,37.1,38.4,76708
2000/01/04,B,75.5,76.5,74.5,75.5,16394
2000/01/04,C,52,53.5,51,53.5,86212
2000/01/05,A,37.5,39.2,37.5,38,60409
2000/01/05,B,75.5,79.5,75.5,78,23859
2000/01/05,C,53.5,56.5,53.5,56,106415
2000/01/06,A,37.9,38.4,37,37,53245
2000/01/06,B,79,82,79,81,29463
2000/01/06,C,57,57,55,55.5,92246
2000/01/07,A,37,37.9,36.5,36.5,41521
2000/01/07,B,81,82,78,78,15812
2000/01/07,C,56,57,54.5,55,71459
2000/01/10,A,36.8,37.5,36.2,37.3,42792
2000/01/10,B,79,80,78,79,11735
2000/01/10,C,58.5,58.5,57,58,72691
2000/01/11,A,37.7,38.3,35.7,35.7,49967
2000/01/11,B,80.5,84,80,81.5,42895
2000/01/11,C,59.5,60,55,55.5,76755
2000/01/12,A,36,36.9,36,36.1,36607
2000/01/12,B,82,84,81.5,82,23642
2000/01/12,C,56,57,55.5,56.5,38226
2000/01/13,A,36.5,37.5,36.4,36.6,42001
2000/01/13,B,84.5,87.5,84.5,87.5,51444
2000/01/13,C,56.5,58,55.5,56,53845
2000/01/14,A,37.3,37.3,36.3,36.3,27417
2000/01/14,B,89,90.5,88,89,63900
2000/01/14,C,57,57,54.5,54.5,33824
2000/01/15,A,38.8,38.8,37.8,38,85511
2000/01/15,B,91,91,88,88.5,25677
2000/01/15,C,55,56,54.5,55,27262
2000/01/17,A,38.5,38.5,37.6,38,53418
2000/01/17,B,89.5,91.5,89,90,22129
2000/01/17,C,56,56.5,55.5,55.5,29946
2000/01/18,A,37,37.5,36.5,36.7,46066
2000/01/18,B,90.5,90.5,87.5,88.5,12409
2000/01/18,C,56,56,55,56,29852
2000/01/19,A,36.6,37.2,36.3,36.5,30258
2000/01/19,B,88,88.5,86,86,12034
2000/01/19,C,56.5,57,55.5,55.5,29713
2000/01/20,A,36.9,37.5,36.4,36.7,29333
2000/01/20,B,86,87.5,85,87.5,12319
2000/01/20,C,55.5,56,55,55,22064
2000/01/21,A,36.8,37.5,36.8,37,29169
2000/01/21,B,88.5,91,87.5,91,20388
2000/01/21,C,55.5,57,55.5,57,57652
2000/01/24,A,37.6,39.2,37.4,39,93698
2000/01/24,B,91,92.5,91,91,24302
2000/01/24,C,57,58,56.5,57.5,58202
2000/01/25,A,39.2,39.2,38,38.3,46838
2000/01/25,B,91,91,89,89,11267
2000/01/25,C,57.5,57.5,56,56,23544
2000/01/26,A,38.9,39.5,38.4,38.6,64145
2000/01/26,B,89,90.5,89,89,16322
2000/01/26,C,56.5,57.5,56.5,56.5,35766
2000/01/27,A,39.5,39.7,38.5,38.5,56914
2000/01/27,B,90,91.5,89.5,90,19728
2000/01/27,C,57,58,56.5,56.5,49785
2000/01/28,A,38.7,39.5,38.5,38.8,53402
2000/01/28,B,92,96,92,95.5,42837
2000/01/28,C,57,59.5,57,58.5,90889
2000/01/29,A,39.2,39.9,38.8,39,62754
2000/01/29,B,95,95.5,92.5,93,15285
2000/01/29,C,58.5,58.5,57,57.5,31747
2000/01/31,A,39.5,40.2,39.3,39.6,62581
2000/01/31,B,93,94.5,93,93.5,12195
2000/01/31,C,58,58,57,57.5,26496
2000/02/01,A,40.5,40.6,40,40,60997
2000/02/01,B,95,96.5,94.5,95,22052
2000/02/01,C,58,59.5,58,59,60428
2000/02/09,A,40.9,40.9,39.1,39.1,53986
2000/02/09,B,97,97,94,94.5,17896
2000/02/09,C,61,61,59,60,68051
2000/02/10,A,39.1,39.9,38.5,38.5,39875
2000/02/10,B,94.5,97,94.5,94.5,15039
2000/02/10,C,60,61.5,59.5,59.5,62630
2000/02/11,A,38.9,39.2,38.1,38.4,50424
2000/02/11,B,95,95.5,93,93,13656
2000/02/11,C,60,60.5,58.5,58.5,43588
2000/02/14,A,38,38.1,36.6,36.8,64944
2000/02/14,B,93,93,90.5,91,12387
2000/02/14,C,58.5,59,57.5,57.5,40809
2000/02/15,A,36.1,36.5,35.8,36.5,42679
2000/02/15,B,91,91,89,89.5,8755
2000/02/15,C,57,57.5,56,57.5,26035
2000/02/16,A,36.5,36.8,36.2,36.3,32788
2000/02/16,B,90,91,89.5,90,5705
2000/02/16,C,57.5,58,56.5,56.5,26946
2000/02/17,A,36.3,37.2,36.2,36.3,66194
2000/02/17,B,90,93,90,91,14684
2000/02/17,C,56.5,58,56.5,57.5,32584
2000/02/18,A,36.5,36.7,35.1,35.2,56381
2000/02/18,B,92.5,93,90,90,10822
2000/02/18,C,58,58,56.5,56.5,32074
2000/02/19,A,35.7,36.4,35.5,35.9,34596
2000/02/19,B,90,91,89,90,6931
2000/02/19,C,56.5,57,56,56,22548
2000/02/21,A,36,36.7,35.5,35.5,48986
2000/02/21,B,90,92,90,90,12828
2000/02/21,C,56,57.5,56,56,41729
2000/02/22,A,35.5,36,33.1,33.8,31754
2000/02/22,B,90,90.5,87,88,9024
2000/02/22,C,56,56.5,53.5,54,29320
2000/02/23,A,33.9,34.3,33.1,33.3,20713
2000/02/23,B,88,90,87.5,88,7337
2000/02/23,C,54,55,53,53,21928
2000/02/24,A,33.5,34.1,33.2,33.6,23394
2000/02/24,B,88.5,89,87,87,6918
2000/02/24,C,53.5,54,52,52.5,24389
2000/02/25,A,33.8,34.1,33,33.1,28185
2000/02/25,B,87,87.5,85,85,10804
2000/02/25,C,52,52.5,51,51.5,27983
2000/02/29,A,33.9,33.9,33,33,16855
2000/02/29,B,85.5,87,85,85,4526
2000/02/29,C,52.5,53,51.5,52,18263
2000/03/01,A,33.5,33.8,33.1,33.6,20513
2000/03/01,B,86.5,87,85.5,87,4877
2000/03/01,C,52.5,54,52,54,22639
2000/03/02,A,33.9,33.9,32.1,32.2,20657
2000/03/02,B,87,87.5,85.5,85.5,3881
2000/03/02,C,54,54,52,52,13366
2000/03/03,A,33,33.7,32.8,32.9,31801
2000/03/03,B,85.5,86.5,85,85.5,4578
2000/03/03,C,52,53,52,52.5,10386
2000/03/04,A,33.3,33.3,32.2,32.2,16288
2000/03/04,B,86,86,84,84,4432
2000/03/04,C,53,53,51.5,51.5,10838
2000/03/06,A,32.4,32.4,31.5,31.5,13069
2000/03/06,B,84,84.5,83,83,6056
2000/03/06,C,51.5,52,51,51,13323
2000/03/07,A,31.3,32.2,30.8,31,31138
2000/03/07,B,83,84.5,82,83,9085
2000/03/07,C,51,52,51,51,15979
2000/03/08,A,31,31.3,30.4,30.4,22313
2000/03/08,B,82.5,83.5,82,83,6480
2000/03/08,C,51.5,52,51,51,12241
2000/03/09,A,30.7,31.8,30.7,31.7,24143
2000/03/09,B,83,83.5,82.5,82.5,7118
2000/03/09,C,51.5,52,51.5,52,15096
2000/03/10,A,32,32.7,31.2,31.3,26090
2000/03/10,B,83,84,82.5,82.5,7411
2000/03/10,C,52.5,54.5,52.5,54.5,87568
2000/03/13,A,31.5,31.5,29.2,29.2,19137
2000/03/13,B,82,82,77,77,11815
2000/03/13,C,54.5,54.5,51,51,79052
2000/03/14,A,28.7,29,27.4,28.4,27772
2000/03/14,B,77,79,75,77,8067
2000/03/14,C,52,53,51,52.5,52927
2000/03/15,A,28.1,28.8,27.6,27.6,19278
2000/03/15,B,77,78,76,76,6900
2000/03/15,C,52.5,54,51.5,51.5,48031
2000/03/16,A,25.8,29.1,25.8,28.6,31168
2000/03/16,B,72,77,72,76,9904
2000/03/16,C,50,52,48,51.5,58523
2000/03/17,A,28.6,29.5,27.5,28.4,50912
2000/03/17,B,76,80,76,77,18820
2000/03/17,C,51.5,52,49.8,49.8,65936
2000/03/20,A,27.5,27.5,27.5,27.5,1079
2000/03/20,B,74.5,74.5,74.5,74.5,1117
2000/03/20,C,48.1,48.1,48.1,48.1,1002
2000/03/21,A,26.6,28.5,26.6,28.3,50913
2000/03/21,B,72,78,72,78,13890
2000/03/21,C,46.5,48.6,46.5,47.8,142072
2000/03/22,A,27.9,28.1,27.4,27.4,25664
2000/03/22,B,77.5,78,75.5,75.5,7649
2000/03/22,C,46.2,47.1,46.2,46.2,41990
2000/03/23,A,27.4,29.3,27.4,29.2,73894
2000/03/23,B,75.5,79,75.5,78.5,12209
2000/03/23,C,44.6,49.4,44.6,49.4,151143
2000/03/24,A,29,29,28.2,28.2,20099
2000/03/24,B,78.5,78.5,76,76.5,6892
2000/03/24,C,50.5,50.5,49,50,96049
2000/03/27,A,27.6,28.5,27,28.1,34728
2000/03/27,B,76,79.5,75.5,79,11343
2000/03/27,C,50,51,48,49.4,71282
2000/03/28,A,28.8,29.3,28.5,29.1,41442
2000/03/28,B,80,81.5,78,79,13627
2000/03/28,C,50,51,49.5,49.5,49281
2000/03/29,A,29.5,29.9,28.6,28.7,31990
2000/03/29,B,79,80.5,78,78,6881
2000/03/29,C,49.5,50.5,48.7,48.7,28767
2000/03/30,A,28.8,29.8,28.8,29.8,44531
2000/03/30,B,79,80.5,78.5,79,10241
2000/03/30,C,50,52,50,52,81539
2000/03/31,A,30,31.4,29.7,29.7,64317
2000/03/31,B,82,84.5,82,84,28409
2000/03/31,C,52,54.5,52,52.5,95730
2000/04/01,A,29.8,29.8,28.7,28.9,23403
2000/04/01,B,84,84,82,82.5,11355
2000/04/01,C,52.5,53,50.5,51.5,49043
2000/04/05,A,29.4,29.7,29,29.3,23821
2000/04/05,B,84,86,83,85,16655
2000/04/05,C,50.5,52,50,50,35833
2000/04/06,A,29.8,30.4,29.4,29.7,31316
2000/04/06,B,86,86.5,83.5,83.5,10790
2000/04/06,C,50,51,50,50,27700
2000/04/07,A,30.3,30.3,29,29,17298
2000/04/07,B,84,84.5,81.5,81.5,7180
2000/04/07,C,50.5,51,50,50,23815
2000/04/08,A,29,29.3,28.5,28.6,14608
2000/04/08,B,81.5,81.5,80,80,5714
2000/04/08,C,50.5,51,50,50,29733
2000/04/10,A,28.5,29.3,28.5,28.6,16352
2000/04/10,B,80,82,80,81,6223
2000/04/10,C,50,52,50,50.5,35418
2000/04/11,A,29,29.4,28.7,29.2,13844
2000/04/11,B,81,82.5,81,81.5,5384
2000/04/11,C,51,54,51,54,108144
2000/04/12,A,29.7,30.3,29.2,29.3,35255
2000/04/12,B,83,84,81,81.5,10675
2000/04/12,C,54,55,51.5,52,84492
2000/04/13,A,29.7,30.6,29.3,30.1,45099
2000/04/13,B,81.5,83,81,82.5,10223
2000/04/13,C,52,52.5,51,51,31787
2000/04/14,A,30.8,31.1,30,30,50339
2000/04/14,B,84,85.5,82.5,83,18209
2000/04/14,C,51,52,50,50,31031
2000/04/15,A,28.6,29.4,27.9,28.2,31310
2000/04/15,B,81,82,78,78.5,12042
2000/04/15,C,48,49,48,48.2,41949
2000/04/17,A,28.5,28.8,27.6,28,17670
2000/04/17,B,79,79.5,77.5,78,6857
2000/04/17,C,48.2,50.5,48.2,50,27239
2000/04/18,A,28.9,29.7,28.5,29.5,24196
2000/04/18,B,81,81,79,80.5,7590
2000/04/18,C,51,51.5,50,50.5,26450
2000/04/19,A,30,30,28.5,28.6,16760
2000/04/19,B,81.5,81.5,78,78,6053
2000/04/19,C,51,51,49.5,49.5,22995
2000/04/20,A,28.6,29.5,28.6,28.7,27764
2000/04/20,B,78,80,78,78.5,5544
2000/04/20,C,49.3,50.5,49.3,49.5,19366
2000/04/21,A,28.9,29.2,28.3,28.6,11526
2000/04/21,B,79.5,80.5,79,79,4339
2000/04/21,C,50,50.5,49.3,49.3,11852
2000/04/24,A,28.9,28.9,27.3,27.3,11623
2000/04/24,B,79,79.5,77,77.5,4836
2000/04/24,C,49.5,49.5,48,48,16691
2000/04/25,A,27.3,27.8,26.7,26.9,9956
2000/04/25,B,77.5,78,76,77,4417
2000/04/25,C,48,48.4,47.1,47.3,13981
2000/04/26,A,27,27.3,25.1,25.5,16013
2000/04/26,B,77,77.5,73,73.5,6545
2000/04/26,C,47.5,48,44.5,45,21338
2000/04/27,A,25.5,25.8,24.8,25.5,13305
2000/04/27,B,75,75.5,73.5,74.5,3944
2000/04/27,C,45.1,45.9,44.9,45.3,15493
2000/04/28,A,25.4,25.5,24,25.3,16403
2000/04/28,B,74.5,75,73,74,5446
2000/04/28,C,45.6,46.4,44,46.3,19036
2000/04/29,A,25.2,26.1,24.9,25.4,15521
2000/04/29,B,74.5,75,73.5,74,4403
2000/04/29,C,46,46.6,45,45.5,11722
2000/05/02,A,25.6,25.6,24.5,24.7,8590
2000/05/02,B,75,75,73.5,73.5,5243
2000/05/02,C,45.5,45.6,44.5,44.5,11775
2000/05/03,A,24.5,25.5,24.4,25.1,22992
2000/05/03,B,72.5,73.5,72,72.5,4618
2000/05/03,C,44,44.5,43.1,43.1,13509
2000/05/04,A,25.4,26.8,25.4,26.2,30687
2000/05/04,B,73.5,77.5,73.5,75,7755
2000/05/04,C,43.3,46,43.3,44,18869
2000/05/05,A,26.2,26.3,25.3,26,20442
2000/05/05,B,76,76.5,75,76,5253
2000/05/05,C,44,44.5,43.3,43.9,22466
2000/05/06,A,26,26.6,24.8,25.6,21320
2000/05/06,B,77,78.5,76,77.5,7330
2000/05/06,C,43.5,43.9,42.8,43.1,21588
2000/05/08,A,25.6,25.8,25.1,25.3,9796
2000/05/08,B,77.5,77.5,75,76.5,4037
2000/05/08,C,43.4,43.7,43.1,43.7,11985
2000/05/09,A,25.5,26,25.3,25.8,14303
2000/05/09,B,76,77,75.5,76.5,3206
2000/05/09,C,44,45.3,43.8,44.4,20514
2000/05/10,A,25.9,26.1,25.5,25.5,9213
2000/05/10,B,77,77,75,75,2533
2000/05/10,C,45.1,45.3,44.4,44.5,15193
2000/05/11,A,25.5,26,25.4,26,12010
2000/05/11,B,73.5,75,73.5,73.5,3618
2000/05/11,C,44.5,46,44.5,45.4,22997
2000/05/12,A,27,27.8,26.8,27.8,27134
2000/05/12,B,74,76.5,74,76.5,7567
2000/05/12,C,46.5,48,45.5,45.6,43978
2000/05/15,A,28.3,29.3,28.2,28.6,55194
2000/05/15,B,76.5,76.5,75,75,2880
2000/05/15,C,45.6,45.9,44.5,44.7,14689
2000/05/16,A,28.9,29.1,28.1,29,23426
2000/05/16,B,75.5,76.5,75,76.5,3574
2000/05/16,C,44.6,45.3,44.6,44.9,13054
2000/05/17,A,29.5,30.2,29.3,30,47683
2000/05/17,B,78,81.5,78,81.5,18645
2000/05/17,C,45.5,46.5,45.4,46.3,28028
2000/05/18,A,30,31.2,29.9,29.9,57963
2000/05/18,B,81.5,84,81.5,83,28656
2000/05/18,C,46.3,47.5,46,46,26535
2000/05/19,A,30.1,31,30.1,30.6,38890
2000/05/19,B,83,85,83,84,17180
2000/05/19,C,46.8,47.8,46.2,47.4,34516
2000/05/20,A,30.9,31.1,28.5,28.9,32794
2000/05/20,B,84,85,78.5,80,12671
2000/05/20,C,47.5,48,44.6,45.2,20743
2000/05/22,A,29.5,29.6,28.9,29,17228
2000/05/22,B,81,81,78.5,79,9038
2000/05/22,C,46.8,46.8,45.5,45.5,11987
2000/05/23,A,28.9,29.4,28.8,28.9,14952
2000/05/23,B,79.5,79.5,78,78.5,5963
2000/05/23,C,45.4,45.8,45,45.4,9811
2000/05/24,A,28.5,29.2,28.3,28.6,14849
2000/05/24,B,78,79.5,77.5,79,7647
2000/05/24,C,44.9,46.1,44.9,45.3,18769
2000/05/25,A,28.9,29.2,28.6,28.8,18634
2000/05/25,B,80.5,81.5,79.5,81,10531
2000/05/25,C,46.1,46.1,45.5,45.5,15421
2000/05/26,A,28.8,30.5,28.8,30.2,43688
2000/05/26,B,81,84,80.5,82.5,14770
2000/05/26,C,45.7,46.5,45.6,46.1,15887
2000/05/29,A,30.4,30.5,29.9,30,22120
2000/05/29,B,83.5,83.5,81,81,6145
2000/05/29,C,46.5,46.5,45.7,45.8,9566
2000/05/30,A,30.5,31.2,30.3,30.6,44215
2000/05/30,B,81,82.5,81,81.5,5933
2000/05/30,C,46,46.8,46,46.2,9457
2000/05/31,A,31,31,30.4,30.6,30924
2000/05/31,B,82.5,82.5,81,82,6518
2000/05/31,C,47,47.6,46.5,47,22013
2000/06/01,A,30.5,30.9,29.7,30.2,17452
2000/06/01,B,82.5,82.5,81,81.5,3767
2000/06/01,C,47.2,47.3,46.2,46.3,8520
2000/06/02,A,30.3,30.6,29.5,29.6,19351
2000/06/02,B,82,82.5,81.5,82,7986
2000/06/02,C,46.9,46.9,46,46.1,9718
2000/06/03,A,30,30.2,29.5,30.1,20647
2000/06/03,B,83,83,81.5,81.5,5562
2000/06/03,C,46.6,46.6,46,46,9056
2000/06/05,A,30.2,30.5,29.8,29.8,11267
2000/06/05,B,82,82,80,80.5,10187
2000/06/05,C,46,46.5,45.7,45.7,7143
2000/06/07,A,30,30.1,29.2,29.6,17681
2000/06/07,B,73.5,75,73.5,74.5,10731
2000/06/07,C,45.6,45.9,45.2,45.3,15043
2000/06/08,A,29.6,30.3,29.6,29.7,23520
2000/06/08,B,75,75.5,75,75,6717
2000/06/08,C,45.8,46.2,45.5,45.6,9630
2000/06/09,A,29.8,30,29.4,29.6,10276
2000/06/09,B,75,75.5,73.5,73.5,4823
2000/06/09,C,45.5,45.8,45,45,8950
2000/06/12,A,29.6,29.6,28.5,28.7,12047
2000/06/12,B,73.5,74,72.5,73,3980
2000/06/12,C,45,45.2,44.2,44.3,10265
2000/06/13,A,28.5,29,28.2,28.2,10980
2000/06/13,B,73,73.5,72.5,72.5,3788
2000/06/13,C,44,44.6,44,44.1,7212
2000/06/14,A,28.4,28.7,28.2,28.5,9127
2000/06/14,B,72.5,73.5,72.5,72.5,4645
2000/06/14,C,44.2,44.8,44.2,44.4,6919
2000/06/15,A,28.6,28.8,28,28.1,8714
2000/06/15,B,72.5,73,72,72.5,4202
2000/06/15,C,44.6,44.8,44,44,6843
2000/06/16,A,28,28.7,27.8,28.7,15158
2000/06/16,B,72.5,73,72,73,3972
2000/06/16,C,44,44.5,43.8,44,7470
2000/06/17,A,28.6,29,28.5,28.5,10816
2000/06/17,B,73,73.5,72.5,72.5,2891
2000/06/17,C,44,44.5,44,44,5391
2000/06/19,A,28.5,28.9,28.1,28.2,10300
2000/06/19,B,73,73,72.5,72.5,2294
2000/06/19,C,44,44.4,43.8,43.9,5940
2000/06/20,A,28.5,29,28.3,28.5,18293
2000/06/20,B,73.5,75.5,73,73.5,9765
2000/06/20,C,44.2,44.7,44,44,9504
2000/06/21,A,28.8,28.8,28.3,28.4,10183
2000/06/21,B,74.5,74.5,72.5,72.5,4162
2000/06/21,C,44.1,44.3,43,43.1,12292
2000/06/22,A,28.2,28.7,28,28.6,14131
2000/06/22,B,71,73,71,72,6204
2000/06/22,C,42.6,43.7,42.6,43.7,10204
2000/06/23,A,28.6,28.8,28.2,28.2,8043
2000/06/23,B,72.5,73,72,72,2796
2000/06/23,C,43.7,44,43,43,6720
2000/06/26,A,28.2,28.2,27.6,27.7,9754
2000/06/26,B,72,73,71,72.5,4400
2000/06/26,C,43.4,43.5,43,43.2,8356
2000/06/27,A,27.8,28.2,27.3,27.3,11622
2000/06/27,B,72,72.5,71,71,4509
2000/06/27,C,43.5,43.7,42.7,42.7,8373
2000/06/28,A,27.1,27.6,26,26.3,14000
2000/06/28,B,71,72,70.5,70.5,5003
2000/06/28,C,42.7,43,41.2,41.6,17236
2000/06/29,A,26.6,26.6,25.5,25.5,13837
2000/06/29,B,71,71,68,68,7853
2000/06/29,C,41.8,42,40,40,13510
2000/06/30,A,26,26.7,25.3,26.7,12520
2000/06/30,B,69,71,68,71,7707
2000/06/30,C,40.6,41,40,41,11607
2000/07/03,A,26.9,28.5,26.7,28.5,40528
2000/07/03,B,71,75.5,70,75,21528
2000/07/03,C,41.5,43.4,41,42.5,26631
2000/07/04,A,28.8,29.1,27.6,27.6,28015
2000/07/04,B,74.5,74.5,71,71,6923
2000/07/04,C,42.9,42.9,40.2,40.2,14545
2000/07/05,A,27.9,29.4,27.8,29.3,39272
2000/07/05,B,71,74.5,70.5,73,14231
2000/07/05,C,40.5,42,40.3,41.6,18376
2000/07/06,A,28.6,29.8,28.6,29.2,46865
2000/07/06,B,73,75.5,72.5,74.5,19183
2000/07/06,C,41.6,42.5,41.5,41.7,20296
2000/07/07,A,29.2,29.2,28.6,28.6,18008
2000/07/07,B,74.5,74.5,73,73,6282
2000/07/07,C,41.8,42,40.8,41,12480
2000/07/10,A,28.8,29.2,28.5,29.1,26121
2000/07/10,B,73.5,74.5,72,74,5877
2000/07/10,C,41.1,42.7,40.4,42.1,16562
2000/07/11,A,29.1,29.5,28.5,29,19227
2000/07/11,B,74.5,75.5,74,75,14419
2000/07/11,C,42.3,43.1,42,42,18092
2000/07/12,A,29,29,27.2,27.4,21271
2000/07/12,B,75,75.5,73,73,6940
2000/07/12,C,42,42,40.5,40.6,13591
2000/07/13,A,27.4,28.4,27.1,28.3,18203
2000/07/13,B,73,74.5,73,74,5054
2000/07/13,C,40.6,41.6,40.6,41,14748
2000/07/14,A,28.4,29.7,28.2,29.1,40526
2000/07/14,B,74.5,77.5,74,75.5,21988
2000/07/14,C,41.5,43.2,41.2,43.2,36403
2000/07/15,A,29.1,29.5,28.7,29.3,25789
2000/07/15,B,76,76.5,75,75,8238
2000/07/15,C,43.6,44,43,43.1,31379
2000/07/17,A,30.1,31.3,30.1,30.6,109754
2000/07/17,B,76,78,76,76,17303
2000/07/17,C,44.3,45.2,44.1,44.4,44656
2000/07/18,A,30.1,30.3,29.5,29.5,40363
2000/07/18,B,75.5,75.5,74,74,8110
2000/07/18,C,44.3,44.3,43,43,21163
2000/07/19,A,29.1,30.1,29.1,30,26937
2000/07/19,B,73.5,75,73.5,74.5,6015
2000/07/19,C,43,43.8,42.6,43.6,14563
2000/07/20,A,29.9,30.2,29,29,23746
2000/07/20,B,73.5,74.5,73,73.5,4243
2000/07/20,C,43.5,43.8,43,43,9732
2000/07/21,A,29.2,29.4,28.4,28.7,21555
2000/07/21,B,73.5,75,73,74,7139
2000/07/21,C,43.3,44.2,42.8,43.6,23241
2000/07/24,A,28.9,29.2,28.5,28.7,14320
2000/07/24,B,74,75,73.5,74,4278
2000/07/24,C,43.8,44.2,43.6,43.9,18025
2000/07/25,A,28.9,29,28,28,14298
2000/07/25,B,74,75,73.5,73.5,7506
2000/07/25,C,44,44.5,43.5,43.6,26652
2000/07/26,A,28.4,28.8,27.2,27.4,18639
2000/07/26,B,74,75,73.5,74,8136
2000/07/26,C,43.6,44,43,43.8,18941
2000/07/27,A,27.4,28.6,27.4,28.5,28643
2000/07/27,B,74,75,72.5,74.5,8797
2000/07/27,C,43.5,43.9,42.8,43.1,24729
2000/07/28,A,28.7,30.2,28.6,29.8,46632
2000/07/28,B,74,76,73.5,75.5,14804
2000/07/28,C,43.1,45.2,43.1,44.3,62632
2000/07/29,A,29.8,30.3,29.5,29.5,26312
2000/07/29,B,75.5,76.5,75.5,76,13225
2000/07/29,C,34.9,35.6,34.9,35,71282
2000/07/31,A,29.8,29.8,29,29.6,15015
2000/07/31,B,76,76,74.5,75.5,11347
2000/07/31,C,35.1,35.5,35,35,22753
2000/08/01,A,29.6,29.7,28.9,28.9,14982
2000/08/01,B,75.5,75.5,74,74.5,3869
2000/08/01,C,35.4,35.4,34.2,34.3,15533
2000/08/02,A,29,29.7,29,29.7,41170
2000/08/02,B,74,75,73.5,73.5,2789
2000/08/02,C,34.3,34.8,34,34.1,13459
2000/08/03,A,26.1,26.2,25.7,25.7,57656
2000/08/03,B,73.5,74,73,73.5,4393
2000/08/03,C,34.1,34.3,33.4,33.7,16288
2000/08/04,A,25.9,26.1,25.5,25.7,27403
2000/08/04,B,74,74.5,73.5,73.5,3563
2000/08/04,C,34,34.2,33.6,33.6,12410
2000/08/05,A,25.7,26.2,25.6,25.7,18845
2000/08/05,B,73.5,74,73,73,2415
2000/08/05,C,33.8,34,33,33.1,9623
2000/08/07,A,25.7,25.7,25.1,25.2,17876
2000/08/07,B,73,74,72.5,73,6509
2000/08/07,C,33,33.1,31.9,31.9,12975
2000/08/08,A,25.5,26,25.3,26,16088
2000/08/08,B,74,75,73.5,74.5,8538
2000/08/08,C,32.3,32.9,32.1,32.7,12723
2000/08/09,A,26.5,27.3,26.4,26.7,40269
2000/08/09,B,75.5,76.5,75,75,11639
2000/08/09,C,34,34.9,33.7,34.9,51266
2000/08/10,A,26.7,26.8,26,26.3,15700
2000/08/10,B,75,75,73.5,75,5542
2000/08/10,C,34.8,34.8,34.1,34.6,18791
2000/08/11,A,26.4,26.8,26.1,26.1,14095
2000/08/11,B,75,75.5,74,74,4411
2000/08/11,C,34.6,35.4,34.6,35,33868
2000/08/14,A,26.2,26.3,26,26,13551
2000/08/14,B,73.5,74.5,73,73.5,2094
2000/08/14,C,35.1,35.2,34,34,16920
2000/08/15,A,26.2,26.3,25.6,25.8,11077
2000/08/15,B,73.5,74,73,73,2075
2000/08/15,C,34.2,34.4,33.8,33.8,9648
2000/08/16,A,26,26.5,26,26.3,17149
2000/08/16,B,73,74,73,73.5,3466
2000/08/16,C,33.8,34.3,33.8,34,8200
2000/08/17,A,26.4,26.9,26,26.9,19691
2000/08/17,B,73.5,74.5,73,74.5,5537
2000/08/17,C,34,35.1,33.7,35.1,19224
2000/08/18,A,27.2,27.5,26.4,26.4,45623
2000/08/18,B,75.5,76.5,75,75,20129
2000/08/18,C,35.8,36.7,35.2,35.3,64729
2000/08/19,A,26.5,27,26.2,26.4,18088
2000/08/19,B,75,75.5,74,74.5,5354
2000/08/19,C,35.5,36.1,35.3,35.6,24030
2000/08/21,A,26.5,26.9,26.2,26.6,18825
2000/08/21,B,74.5,75,73.5,74,8062
2000/08/21,C,36.3,36.6,35.8,36.2,43095
2000/08/22,A,26.4,26.9,26.3,26.4,14264
2000/08/22,B,73.5,74.5,73.5,73.5,4389
2000/08/22,C,36.2,36.5,35.3,35.3,23998
2000/08/24,A,26.7,26.7,26.2,26.3,10659
2000/08/24,B,73.5,74,73,73,4475
2000/08/24,C,35.6,35.7,34.8,34.9,17814
2000/08/25,A,26.4,26.8,26.3,26.3,15516
2000/08/25,B,73.5,74,73,73,4333
2000/08/25,C,34.9,35.3,34.3,34.5,16209
2000/08/28,A,26.3,26.3,26,26,10388
2000/08/28,B,73,73.5,72.5,73,3841
2000/08/28,C,34,34.3,33.7,33.7,11421
2000/08/29,A,25.7,26,24.4,25.5,17910
2000/08/29,B,73,73,70,71.5,7949
2000/08/29,C,33,33.4,32,32.8,16314
2000/08/30,A,25.5,25.8,24.8,24.8,18904
2000/08/30,B,71.5,72,69,69.5,5669
2000/08/30,C,32.5,33.3,32,32.1,15135
2000/08/31,A,24.4,25.3,24.4,24.5,21654
2000/08/31,B,69,71.5,69,71.5,6215
2000/08/31,C,31.5,32.7,31.5,32.1,14063
2000/09/01,A,24.5,24.9,23.6,23.6,19720
2000/09/01,B,71,71.5,69.5,70.5,3771
2000/09/01,C,32.3,32.3,30.6,31,13990
2000/09/02,A,24,25.1,24,24.9,16956
2000/09/02,B,70.5,73,70.5,71.5,5600
2000/09/02,C,31.5,33,31.2,32.3,13692
2000/09/04,A,25,25.2,24.6,25,12722
2000/09/04,B,71.5,72.5,70.5,72.5,5311
2000/09/04,C,32.6,32.6,32,32.5,9787
2000/09/05,A,25,25,24.4,24.7,9464
2000/09/05,B,72,72,70,72,6589
2000/09/05,C,32.7,32.7,31.7,31.7,8375
2000/09/06,A,24.6,25,24.3,24.7,8973
2000/09/06,B,71.5,71.5,70.5,70.5,4033
2000/09/06,C,31.5,32.1,31.4,31.7,9235
2000/09/07,A,24.9,25.2,24.6,24.7,13059
2000/09/07,B,70.5,72,70.5,71,7581
2000/09/07,C,32.5,32.7,32,32.1,17511
2000/09/08,A,24.9,25.9,24.8,25.8,19369
2000/09/08,B,72,72.5,71,72,7128
2000/09/08,C,32.6,32.6,31.8,31.9,14539
2000/09/11,A,26,26.4,25.7,25.7,17327
2000/09/11,B,72,73.5,72,72.5,6216
2000/09/11,C,31.8,32.1,31.4,31.9,9291
2000/09/13,A,26,26,25.5,25.6,10816
2000/09/13,B,72.5,73,71.5,72.5,5653
2000/09/13,C,31.9,32.5,30.9,32,22995
2000/09/14,A,25.6,25.6,24.4,24.4,11001
2000/09/14,B,72.5,72.5,71.5,72,4481
2000/09/14,C,31.8,31.9,31,31,8821
2000/09/15,A,24.7,25,24.1,24.4,14281
2000/09/15,B,72,72.5,71.5,72,7914
2000/09/15,C,30.8,31.7,30.6,30.6,12972
2000/09/16,A,24,24.2,23.3,23.3,10342
2000/09/16,B,71.5,71.5,69.5,69.5,7833
2000/09/16,C,30,30,28.5,28.5,24131
2000/09/18,A,23,23.3,22.1,22.1,17424
2000/09/18,B,69.5,69.5,68,68.5,8983
2000/09/18,C,28.1,28.3,26.6,26.6,20257
2000/09/19,A,22,22.9,21.8,22.6,23946
2000/09/19,B,67.5,70,67,69,8006
2000/09/19,C,26,27.3,25.8,25.9,33032
2000/09/20,A,23.2,23.8,22.7,23.7,19809
2000/09/20,B,70,71,69,70,6252
2000/09/20,C,26.7,27.1,25.8,26.9,37528
2000/09/21,A,23.3,24.3,23.3,24.1,17310
2000/09/21,B,69,71.5,69,71,9793
2000/09/21,C,26.7,28.7,26.4,28.7,50406
2000/09/22,A,23.8,24.2,23.2,23.2,15381
2000/09/22,B,71,71.5,70,70.5,9018
2000/09/22,C,28.6,29.5,28,28.8,71885
2000/09/25,A,23.8,24.6,23.5,24.2,16493
2000/09/25,B,71,71.5,70,71.5,6041
2000/09/25,C,30.2,30.8,29.6,30.8,37143
2000/09/26,A,24.2,24.4,23.6,24.1,12465
2000/09/26,B,71.5,71.5,70,70,5128
2000/09/26,C,31.2,32,30.2,30.2,72087
2000/09/27,A,24,24.3,23.8,24,10224
2000/09/27,B,70,70.5,69.5,69.5,5824
2000/09/27,C,30.2,30.8,30,30.4,26977
2000/09/28,A,24.2,24.3,23.6,24.1,8372
2000/09/28,B,70,71,69.5,69.5,4448
2000/09/28,C,30.4,30.8,29,29.2,22021
2000/09/29,A,24.3,24.4,23.5,23.5,13073
2000/09/29,B,70,71,69.5,70,8472
2000/09/29,C,29.6,30.2,29.2,29.6,27470
2000/09/30,A,22,23.1,22,22.2,13265
2000/09/30,B,69.5,70,68.5,68.5,6362
2000/09/30,C,29,29.8,28.7,29.4,28850
2000/10/02,A,22,22.4,20.7,20.7,21174
2000/10/02,B,68.5,69.5,67,67,7239
2000/10/02,C,29,29.9,28.7,28.7,20588
2000/10/03,A,20.1,21.3,19.5,21,25799
2000/10/03,B,67,69,66,68,10080
2000/10/03,C,28.7,30.4,28.7,30.1,42182
2000/10/04,A,20.3,20.3,20.3,20.3,2559
2000/10/04,B,66,66.5,66,66,6649
2000/10/04,C,29.1,29.7,29.1,29.1,43749
2000/10/05,A,19.7,20.6,19.7,19.7,16312
2000/10/05,B,64.5,65.5,64,64,11762
2000/10/05,C,30,30,29,29.1,34231
2000/10/06,A,19.9,21,19.7,21,13859
2000/10/06,B,62,65,62,64.5,21866
2000/10/06,C,29.5,30.9,29.1,30.5,45624
2000/10/07,A,21.1,21.6,20.7,21,14160
2000/10/07,B,64,64,62.5,62.5,7759
2000/10/07,C,30.3,30.3,29.5,29.6,32046
2000/10/09,A,21,21.2,20.7,20.7,10124
2000/10/09,B,61,62,60.5,60.5,10952
2000/10/09,C,29.6,29.7,28.6,28.7,26401
2000/10/11,A,20.4,20.4,20,20,10293
2000/10/11,B,58.5,58.5,58.5,58.5,2992
2000/10/11,C,27.8,28.4,27.7,28.1,28657
2000/10/12,A,19.1,20.4,19.1,19.8,10749
2000/10/12,B,54.5,57,54.5,54.5,29525
2000/10/12,C,27.7,28.6,27.4,27.9,28333
2000/10/13,A,18.6,21.1,18.6,21.1,29507
2000/10/13,B,51,57,51,57,20530
2000/10/13,C,26.7,29.2,26.7,29,35621
2000/10/16,A,22.5,22.5,21.3,21.5,51113
2000/10/16,B,59.5,60,53.5,53.5,14514
2000/10/16,C,31,31,27.9,28.8,53131
2000/10/17,A,21.5,23,21.5,22.9,36963
2000/10/17,B,51.5,55.5,51.5,53.5,9746
2000/10/17,C,28.2,29.5,28.2,29.3,27619
2000/10/18,A,22.8,24,21.7,22.6,58292
2000/10/18,B,53.5,54,50,50.5,9879
2000/10/18,C,28.9,29.2,28.1,28.6,28179
2000/10/19,A,22.9,23,21.1,21.3,32747
2000/10/19,B,48,49.5,47,47,10624
2000/10/19,C,27.6,28,26.6,26.6,28736
2000/10/20,A,22.7,22.7,22.1,22.7,20256
2000/10/20,B,50,50,49,50,7371
2000/10/20,C,27.9,28.4,27.2,28.4,31174
2000/10/21,A,23.2,23.4,22.5,23,20965
2000/10/21,B,53.5,53.5,53.5,53.5,5963
2000/10/21,C,28.7,29.3,27.8,29.3,40392
2000/10/23,A,22.8,23.3,22.3,22.7,16863
2000/10/23,B,57,57,54,56.5,26986
2000/10/23,C,29.5,29.5,28.5,29.3,27024
2000/10/24,A,22.5,23.3,22.3,22.9,25721
2000/10/24,B,56.5,59,55.5,58.5,17744
2000/10/24,C,29.3,30.7,28.8,29.9,65368
2000/10/25,A,22.9,23.1,22.4,22.6,19846
2000/10/25,B,57.5,60,57,60,14750
2000/10/25,C,29.9,30.3,29.3,29.9,46024
2000/10/26,A,22.9,23.7,22.6,22.6,39129
2000/10/26,B,59,60.5,58.5,59,13033
2000/10/26,C,29.6,30,29.1,29.6,44372
2000/10/27,A,22.8,23,21.9,21.9,14923
2000/10/27,B,60,60.5,58.5,58.5,13610
2000/10/27,C,29.7,29.8,28.6,29.1,35651
2000/10/30,A,21.2,21.2,21.2,21.2,862
2000/10/30,B,56.5,56.5,56.5,56.5,787
2000/10/30,C,28.1,28.1,28.1,28.1,807
2000/10/31,A,20.5,21,20.5,20.5,25472
2000/10/31,B,55,59.5,55,58,24331
2000/10/31,C,27.2,27.8,27.2,27.2,33630
2000/11/01,A,20.3,20.8,19.8,19.8,9716
2000/11/01,B,58,59,56,56.5,8738
2000/11/01,C,27.2,27.6,26.3,26.3,19823
2000/11/02,A,19.2,20.7,19.2,20.5,20187
2000/11/02,B,58.5,60,57,60,16148
2000/11/02,C,26.6,27.5,26.2,27.3,30548
2000/11/03,A,20.8,21.4,20.5,20.6,21548
2000/11/03,B,61,62,59.5,61,9043
2000/11/03,C,28.2,28.2,27.1,27.5,19487
2000/11/04,A,21.3,21.3,20.4,20.5,15094
2000/11/04,B,62,62,60,60.5,12789
2000/11/04,C,27.5,27.8,27,27.3,20798
2000/11/06,A,21,21,20.1,20.2,12734
2000/11/06,B,62,62,60,60,5683
2000/11/06,C,27.6,27.6,26.6,27,14738
2000/11/07,A,20.2,20.8,20.1,20.7,20917
2000/11/07,B,61.5,62.5,60.5,62.5,9736
2000/11/07,C,27.2,27.7,27,27.3,18708
2000/11/08,A,20.9,22.1,20.5,21.8,29951
2000/11/08,B,63.5,64.5,61.5,63.5,10015
2000/11/08,C,27.8,29.2,27.2,29.1,49334
2000/11/09,A,22.1,22.1,21.2,21.7,17928
2000/11/09,B,63.5,65.5,62.5,65,15020
2000/11/09,C,29,29.1,28.3,28.5,26777
2000/11/10,A,21.7,22,21.2,21.3,20882
2000/11/10,B,66,66,64.5,65,6333
2000/11/10,C,28.5,28.9,28,28,19885
2000/11/13,A,20.2,20.6,19.9,20.2,20496
2000/11/13,B,63,65,61,63,8428
2000/11/13,C,28,28.2,27,27.7,28322
2000/11/14,A,20.5,20.8,20.1,20.3,16622
2000/11/14,B,63.5,64.5,62.5,63.5,8154
2000/11/14,C,27.8,28,27.2,27.6,17046
2000/11/15,A,20.7,20.7,20,20,17092
2000/11/15,B,65,65,63.5,63.5,12417
2000/11/15,C,28,28.1,26.1,27,19293
2000/11/16,A,18.6,19.4,18.6,18.7,32288
2000/11/16,B,59.5,60,59.5,59.5,13216
2000/11/16,C,25.2,26,25.2,26,41855
2000/11/17,A,17.6,18,17.4,17.4,32850
2000/11/17,B,56.5,57.5,55.5,55.5,8661
2000/11/17,C,25,25.6,24.3,24.8,18542
2000/11/18,A,17.1,17.9,16.3,16.5,15148
2000/11/18,B,55.5,56.5,53.5,53.5,5378
2000/11/18,C,24.3,25.2,23.8,24.3,16965
2000/11/20,A,15.9,16.2,15.4,15.4,26314
2000/11/20,B,52,53,50,50,8241
2000/11/20,C,23.1,23.6,22.6,22.8,31764
2000/11/21,A,15.2,16.4,15.2,16.4,36813
2000/11/21,B,50,53.5,50,53.5,7650
2000/11/21,C,22.7,23.8,22.1,23.5,29759
2000/11/22,A,16.3,17.5,16.1,16.8,29830
2000/11/22,B,54.5,57,53.5,56,13502
2000/11/22,C,23.4,24.5,23.1,23.4,33610
2000/11/23,A,16.6,17.5,16.6,17.4,18656
2000/11/23,B,55,57.5,55,57,6791
2000/11/23,C,23,23.6,23,23.4,17399
2000/11/24,A,17.9,18.6,17.7,18.6,37765
2000/11/24,B,58,60.5,57.5,60.5,13396
2000/11/24,C,23.9,24.9,23.6,24.8,32165
2000/11/27,A,18.9,19.2,18.1,18.1,31491
2000/11/27,B,61,61.5,59.5,60,5993
2000/11/27,C,25.2,25.5,24.5,25.3,30728
2000/11/28,A,17.8,18,17.6,17.6,18906
2000/11/28,B,60,60.5,59,59.5,3103
2000/11/28,C,25.2,25.4,24.6,25.4,23876
2000/11/29,A,17.3,18.6,17.2,17.9,32071
2000/11/29,B,59,61,58.5,59,7474
2000/11/29,C,25,26.5,25,25.6,51924
2000/11/30,A,17.9,18,17.3,17.9,12862
2000/11/30,B,60,60,58,59,4524
2000/11/30,C,25.6,25.8,24.8,24.9,18416
2000/12/01,A,17.4,17.9,17.3,17.7,14627
2000/12/01,B,58,62,58,61,7036
2000/12/01,C,24.3,25.2,24.1,25.2,18213
2000/12/02,A,17.9,18.3,17.7,17.8,13712
2000/12/02,B,61,62,60,60,2828
2000/12/02,C,25.2,25.5,24.6,25.2,13979
2000/12/04,A,18.1,18.5,18,18.3,20943
2000/12/04,B,60,60.5,59,59,2751
2000/12/04,C,25,25.3,24.6,25.1,12458
2000/12/05,A,18.4,19.5,18.1,19.4,45389
2000/12/05,B,59,61,59,59.5,6346
2000/12/05,C,25,25.7,24.6,25.7,29423
2000/12/06,A,19.6,19.6,18.8,18.8,34893
2000/12/06,B,61.5,62,61,61,8904
2000/12/06,C,26,26,25,25.6,24344
2000/12/07,A,18.6,19.1,18.4,19.1,17236
2000/12/07,B,61,62,61,61.5,4817
2000/12/07,C,25.1,26,25.1,25.8,29176
2000/12/08,A,19.2,20.2,19.2,19.8,48441
2000/12/08,B,62,64,61.5,63.5,10699
2000/12/08,C,25.9,26.8,25.7,26,41208
2000/12/11,A,20.1,20.5,19.6,20.1,31756
2000/12/11,B,64,64.5,63.5,64.5,6101
2000/12/11,C,26.1,26.5,25.8,26.1,21614
2000/12/12,A,20.1,20.8,19.9,20.8,40334
2000/12/12,B,64.5,65,64,65,9875
2000/12/12,C,26.3,26.4,26,26.3,22537
2000/12/13,A,20.5,20.9,20.4,20.7,24211
2000/12/13,B,64.5,65,63.5,64.5,5209
2000/12/13,C,26.2,26.6,25.9,25.9,19424
2000/12/14,A,20.5,20.7,20,20,14102
2000/12/14,B,63.5,65,63,64.5,6397
2000/12/14,C,25.7,26,25.2,25.2,15270
2000/12/15,A,19.6,19.8,19.3,19.3,12567
2000/12/15,B,64,64,63,63,2632
2000/12/15,C,25,25.2,24.6,24.9,16132
2000/12/16,A,18.8,19,18.7,18.7,10482
2000/12/16,B,62.5,63,61.5,61.5,2423
2000/12/16,C,24.8,25.3,24.7,24.9,13151
2000/12/18,A,18.4,19,18.4,19,12025
2000/12/18,B,61.5,62,60.5,61,4047
2000/12/18,C,25.2,25.2,24.7,24.7,13662
2000/12/19,A,19.1,19.4,18.8,19.2,13848
2000/12/19,B,61,61.5,60.5,61,4237
2000/12/19,C,24.9,25.1,24.5,24.8,19104
2000/12/20,A,19.1,19.5,18.7,19.1,22062
2000/12/20,B,61,61,60,60.5,3536
2000/12/20,C,24.9,25.5,24.6,24.7,37597
2000/12/21,A,18.7,18.9,18.5,18.7,12281
2000/12/21,B,58.5,59,58.5,58.5,3857
2000/12/21,C,23.9,24.3,23.9,24.1,22387
2000/12/22,A,18.9,19.2,18.6,19.2,12517
2000/12/22,B,58,59.5,58,58.5,5941
2000/12/22,C,24.1,24.5,23.6,24.1,17454
2000/12/26,A,19.5,19.5,18.7,18.7,5954
2000/12/26,B,59,59,56.5,56.5,2548
2000/12/26,C,24.2,24.3,23.3,23.3,9110
2000/12/27,A,18.7,18.9,18.2,18.4,11372
2000/12/27,B,56,56,55,55.5,2213
2000/12/27,C,22.9,23.1,22.5,22.5,13580
2000/12/28,A,18.6,19.6,18.6,19.6,22657
2000/12/28,B,55.5,59,55,59,6303
2000/12/28,C,22.1,24,22.1,24,27900
2000/12/29,A,19.8,20.3,19.6,19.9,30810
2000/12/29,B,59,60,57,58,8078
2000/12/29,C,24,24.5,23.6,24,27720
2000/12/30,A,19.9,20.9,19.7,20.6,30398
2000/12/30,B,57.5,58.5,57,58,4495
2000/12/30,C,23.8,25,23.8,24.2,25864
2001/01/02,A,20.8,21.5,20.3,21.5,31441
2001/01/02,B,58,59.5,57,59,5187
2001/01/02,C,24.4,25.2,24,25.2,26485
2001/01/03,A,21.3,22.1,21,21.6,31332
2001/01/03,B,58,58.5,57,57.5,3708
2001/01/03,C,24.6,25.5,24.6,24.8,18286
2001/01/04,A,22.6,23.1,22,23,52349
2001/01/04,B,59,61,58,59.5,13062
2001/01/04,C,25.8,26.2,25.3,25.8,41462
2001/01/05,A,23,24.2,22.6,23.8,54092
2001/01/05,B,59.5,60.5,58,60,10572
2001/01/05,C,25.7,27.6,25.3,27.6,71759
2001/01/08,A,23.6,24.2,23,23.5,40102
2001/01/08,B,59,61.5,59,59,10821
2001/01/08,C,27.4,28.4,26.8,26.8,86398
2001/01/09,A,23.4,24,23.2,23.6,47610
2001/01/09,B,59.5,61,59,61,8276
2001/01/09,C,27.3,28.3,27,28.3,66311
2001/01/10,A,23.6,24.2,23.3,23.4,39402
2001/01/10,B,61.5,62.5,61,61.5,9223
2001/01/10,C,28.6,29.4,28.3,28.4,88686
2001/01/11,A,23.5,23.7,22.6,23.5,34381
2001/01/11,B,62,62.5,59.5,59.5,6491
2001/01/11,C,29,29.6,28.5,28.7,99141
2001/01/12,A,23.5,23.5,22.5,22.5,15153
2001/01/12,B,59.5,60.5,59,60.5,4272
2001/01/12,C,28.8,28.8,27.6,27.7,34484
2001/01/15,A,22.5,23.5,22.4,23.3,28017
2001/01/15,B,60,61,59.5,61,3168
2001/01/15,C,27.2,28.4,27.2,28.3,31246
2001/01/16,A,23.7,24.9,23.5,24.8,47863
2001/01/16,B,61.5,64.5,61,63,16651
2001/01/16,C,28.5,30.2,28.5,30.2,98530
2001/01/17,A,25.3,26.5,24.9,26.5,60357
2001/01/17,B,63.5,65,62.5,64,16747
2001/01/17,C,30.7,32.1,30.5,31.8,118304
2001/01/18,A,26.5,28,25.8,27.5,84162
2001/01/18,B,64,68,63,68,26597
2001/01/18,C,32,33.8,31.1,33.2,135486
2001/01/29,A,27.5,28.5,26,26,58815
2001/01/29,B,68.5,71.5,67,67.5,29088
2001/01/29,C,33.8,35.5,32.8,33.2,142992
2001/01/30,A,25.7,26.5,24.8,25.8,39638
2001/01/30,B,68,69,65,67.5,10288
2001/01/30,C,34,34.8,32.6,34.5,122650
2001/01/31,A,26.1,27.3,25.8,26.8,48022
2001/01/31,B,68.5,68.5,67,68,14148
2001/01/31,C,35,35.5,34.4,34.8,119709
2001/02/01,A,26.7,27.2,25.9,25.9,36440
2001/02/01,B,68,68.5,66.5,66.5,6873
2001/02/01,C,35,36,34.8,35.6,80686
2001/02/02,A,26.3,26.6,25.8,25.8,55366
2001/02/02,B,67.5,68.5,66.5,67.5,11317
2001/02/02,C,36.6,38,36.1,37.8,148287
2001/02/05,A,24.2,25.2,24.2,24.4,28799
2001/02/05,B,67,67,65,65,8359
2001/02/05,C,37.4,37.4,35.2,35.5,92148
2001/02/06,A,24.3,25.3,24.3,24.7,29190
2001/02/06,B,65,66.5,65,65,6172
2001/02/06,C,34.6,36.2,34,34.5,90598
2001/02/07,A,24.7,25.3,24.7,25,23634
2001/02/07,B,64,66,64,65.5,4770
2001/02/07,C,33.5,34.5,33.5,33.7,54656
2001/02/08,A,25.6,25.7,25.1,25.6,24727
2001/02/08,B,65.5,67,65.5,66.5,6262
2001/02/08,C,34.5,34.7,33.9,34.6,59789
2001/02/09,A,26,26.7,25.9,26.2,35423
2001/02/09,B,66.5,67.5,66,66.5,6442
2001/02/09,C,36.3,37,35.6,37,191514
2001/02/12,A,26.3,26.5,25.9,26.2,18924
2001/02/12,B,66.5,67.5,66,67,7043
2001/02/12,C,36.8,36.9,35.8,36.5,98692
2001/02/13,A,26.8,26.9,26.2,26.6,27528
2001/02/13,B,67.5,68.5,67.5,68,8812
2001/02/13,C,37,38.2,36.2,37.8,173958
2001/02/14,A,27.1,27.5,26.7,26.9,51616
2001/02/14,B,69,69.5,67,67.5,7931
2001/02/14,C,37.7,37.9,35.5,35.5,107160
2001/02/15,A,27.4,28.3,27,28.2,44278
2001/02/15,B,67.5,69,66,69,6911
2001/02/15,C,35.5,36.4,35,36.2,79937
2001/02/16,A,28.2,28.3,26.7,27,29701
2001/02/16,B,69.5,69.5,67,67,5366
2001/02/16,C,36.4,36.6,35,35.2,62840
2001/02/19,A,26.2,26.5,26.1,26.4,18250
2001/02/19,B,65.5,67.5,65.5,67,4466
2001/02/19,C,33.6,34.5,33.6,34.1,36137
2001/02/20,A,26.5,27,26.2,26.2,22222
2001/02/20,B,68,69.5,68,68.5,10091
2001/02/20,C,34.3,35.2,34.1,34.4,46425
2001/02/21,A,26,26.5,25.6,25.6,15596
2001/02/21,B,69,69,68,68.5,5109
2001/02/21,C,34,34.4,33.5,33.9,26898
2001/02/22,A,25.3,25.8,24.9,25.1,18175
2001/02/22,B,66.5,67.5,64.5,65,7183
2001/02/22,C,33.5,34,32.6,33.1,47128
2001/02/23,A,25.5,25.9,25.1,25.6,20204
2001/02/23,B,63.5,65,62,62,9080
2001/02/23,C,33.2,33.8,33,33.3,26190
2001/02/26,A,25.8,26.2,25.6,25.7,16048
2001/02/26,B,62,64,62,63.5,4231
2001/02/26,C,33.6,34,33.5,33.6,18921
2001/02/27,A,26.2,26.2,25.7,25.9,12147
2001/02/27,B,64,64,61,62,4975
2001/02/27,C,34.2,34.5,33.8,34.1,32473
2001/03/01,A,25.6,25.9,25.5,25.6,11767
2001/03/01,B,61,61,59,59,6790
2001/03/01,C,33.9,33.9,33.2,33.2,22302
2001/03/02,A,25.7,25.9,25.5,25.6,10090
2001/03/02,B,59,60,58.5,59,3691
2001/03/02,C,33.7,33.8,33.4,33.5,19191
2001/03/05,A,25.8,26.1,25.5,26,10999
2001/03/05,B,59,60,58.5,59.5,2944
2001/03/05,C,33.7,34.3,33.6,33.9,23368
2001/03/06,A,26,26.3,25.6,25.6,13859
2001/03/06,B,60.5,60.5,59,59,3278
2001/03/06,C,34.4,34.6,33.6,33.9,30074
2001/03/07,A,26,26.3,25.9,26,15040
2001/03/07,B,60,60.5,59.5,60.5,4407
2001/03/07,C,34.4,35.1,34.2,35.1,58285
2001/03/08,A,26.2,26.3,25.6,25.6,8365
2001/03/08,B,60.5,60.5,58.5,58.5,4414
2001/03/08,C,35.1,35.1,34,34.1,35630
2001/03/09,A,25.6,25.9,25.3,25.9,9208
2001/03/09,B,58,60,58,59.5,5838
2001/03/09,C,34,34.1,33.5,33.7,15357
2001/03/12,A,25.6,25.7,25,25.1,10037
2001/03/12,B,58,59,58,58.5,3522
2001/03/12,C,33.2,33.5,33,33,16806
2001/03/13,A,24.8,26.2,24.5,26.1,23656
2001/03/13,B,57,58.5,57,57.5,7980
2001/03/13,C,32.1,33.6,32,33.1,27468
2001/03/14,A,26.3,26.5,25.5,25.6,20066
2001/03/14,B,58.5,58.5,57,58,7572
2001/03/14,C,33.7,33.7,33,33.1,15800
2001/03/15,A,25.7,26.1,25.5,25.9,13497
2001/03/15,B,58,60,57.5,59.5,7642
2001/03/15,C,33,33.4,32.6,33.3,20163
2001/03/16,A,26,27.3,26,26.7,37690
2001/03/16,B,60,62,60,60,8147
2001/03/16,C,33.4,34.9,33.4,33.9,52050
2001/03/19,A,26.9,27,26.4,26.6,17056
2001/03/19,B,60.5,60.5,58.5,58.5,3471
2001/03/19,C,34.1,34.3,33.7,33.9,27932
2001/03/20,A,27,27.1,26.5,26.7,12488
2001/03/20,B,59,59,57.5,57.5,2500
2001/03/20,C,34,34.3,33.5,33.6,17120
2001/03/21,A,26.6,27.5,26.3,26.6,18944
2001/03/21,B,57.5,59,57.5,57.5,3401
2001/03/21,C,33.3,34.5,33.3,33.5,22538
2001/03/22,A,26.2,27,26.2,26.5,11580
2001/03/22,B,56.5,59,56.5,59,5361
2001/03/22,C,33.3,33.9,33.3,33.6,17900
2001/03/23,A,26.9,27.1,26.4,26.5,14325
2001/03/23,B,59.5,60,58,59,3854
2001/03/23,C,34,34.6,33.8,34,45236
2001/03/26,A,27,27,26.5,26.7,11097
2001/03/26,B,58.5,59,58,59,3222
2001/03/26,C,34.5,35,34.4,34.7,35355
2001/03/27,A,26.9,27.3,26.6,26.6,21976
2001/03/27,B,59,59.5,58.5,58.5,4567
2001/03/27,C,35,35.6,34.6,35.3,64480
2001/03/28,A,26.9,27.1,26.6,26.6,19931
2001/03/28,B,59,59.5,58,58,3278
2001/03/28,C,35.5,35.7,34.5,35,35584
2001/03/29,A,26.9,27.1,26.6,26.6,12435
2001/03/29,B,57.5,58.5,57,57.5,5306
2001/03/29,C,35,35.2,34.1,34.1,20898
2001/03/30,A,26.6,26.9,26,26.1,13351
2001/03/30,B,57.5,57.5,55,55.5,7604
2001/03/30,C,34.4,34.4,33.5,33.7,25279
2001/04/02,A,26.1,26.3,25.7,25.8,9766
2001/04/02,B,55.5,56,53.5,53.5,5143
2001/04/02,C,33.6,33.7,32.1,32.2,28560
2001/04/03,A,25.8,26,25.5,25.5,6899
2001/04/03,B,52,53,52,53,5866
2001/04/03,C,31.4,32,31.1,31.3,21571
2001/04/04,A,25.7,25.8,25,25.3,10158
2001/04/04,B,51.5,53,49.9,50.5,10903
2001/04/04,C,31.3,31.9,31.1,31.4,12507
2001/04/06,A,25.8,25.9,25.5,25.7,9881
2001/04/06,B,51.5,52,49,49.8,12131
2001/04/06,C,32.4,32.4,31.8,31.8,14446
2001/04/09,A,25.7,25.7,25,25.1,6766
2001/04/09,B,49.8,49.8,48.8,49,7657
2001/04/09,C,31.4,31.6,31,31.1,10850
2001/04/10,A,25.1,25.7,25.1,25.4,8209
2001/04/10,B,49.3,50.5,49.2,49.3,10459
2001/04/10,C,31.1,31.6,30.5,30.5,14521
2001/04/11,A,25.9,25.9,25,25.4,8788
2001/04/11,B,50,51,49.6,50.5,5296
2001/04/11,C,31.1,31.5,30.6,31.5,17958
2001/04/12,A,25.3,25.4,24.5,24.5,17141
2001/04/12,B,51,51,50,50,3152
2001/04/12,C,31.5,31.6,31,31.1,12369
2001/04/13,A,24.5,25.2,24.3,24.4,12116
2001/04/13,B,50.5,51.5,50,50.5,4664
2001/04/13,C,31.5,32.4,31.4,31.5,27855
2001/04/16,A,24.4,24.5,23.8,23.9,6472
2001/04/16,B,50.5,50.5,49.2,49.2,2358
2001/04/16,C,31.1,31.1,30.3,30.4,19618
2001/04/17,A,23.8,24.5,23.8,24.3,5612
2001/04/17,B,49.2,50,49,49.3,3435
2001/04/17,C,30.4,30.8,30.3,30.3,11549
2001/04/18,A,24.6,25.1,24.6,24.7,8127
2001/04/18,B,50,50.5,49.8,50,2934
2001/04/18,C,30.8,30.8,30.5,30.5,10858
2001/04/19,A,25.5,25.5,24.7,24.8,12694
2001/04/19,B,51.5,51.5,50.5,50.5,7323
2001/04/19,C,31.2,31.5,30.9,31.1,20760
2001/04/20,A,24.8,25.2,24.2,24.2,9243
2001/04/20,B,51.5,51.5,50.5,50.5,3393
2001/04/20,C,31.5,31.5,30.6,30.7,10980
2001/04/23,A,24.2,24.5,24,24,6816
2001/04/23,B,51,51.5,50.5,51,3153
2001/04/23,C,31,31.2,30.5,31,8796
2001/04/24,A,24,24.4,24,24.1,5829
2001/04/24,B,51,52,51,51,4298
2001/04/24,C,30.8,31.2,30.6,30.6,8818
2001/04/25,A,24.3,24.5,23.8,23.8,5571
2001/04/25,B,51.5,51.5,50,50,6729
2001/04/25,C,30.8,31.4,30.7,30.8,16090
2001/04/26,A,24.1,24.5,23.9,24.3,11262
2001/04/26,B,50.5,50.5,49.5,49.5,7136
2001/04/26,C,31,31.2,30.6,30.6,9026
2001/04/27,A,24.3,24.4,23.8,23.8,7258
2001/04/27,B,49.5,49.5,47.8,47.8,12245
2001/04/27,C,30.6,30.8,30,30,11745
2001/04/30,A,24,24.2,23.5,24,6319
2001/04/30,B,47.8,48.5,47.3,48.5,7166
2001/04/30,C,30,30.2,29.3,29.3,11978
2001/05/02,A,24.2,24.4,22.4,23,8650
2001/05/02,B,48.5,48.8,47,47.9,6492
2001/05/02,C,29.5,30,27.3,27.9,19961
2001/05/03,A,23.4,23.6,23,23.4,6202
2001/05/03,B,47.9,48.5,47.3,48.4,7594
2001/05/03,C,28.4,29,28,28.9,11833
2001/05/04,A,23.4,24.6,23,23.3,11971
2001/05/04,B,48.4,50.5,47.8,49,18035
2001/05/04,C,29,30.2,28.3,28.4,20477
2001/05/07,A,23.5,24.2,23.2,23.8,7213
2001/05/07,B,49.3,49.3,48.2,49,5502
2001/05/07,C,28.6,28.9,28.3,28.4,10961
2001/05/08,A,23.8,24.2,23.6,23.9,10120
2001/05/08,B,49,49.5,48.3,49.2,5921
2001/05/08,C,28.4,28.7,27.6,28,13375
2001/05/09,A,24.1,24.8,23.9,24.6,8100
2001/05/09,B,49.2,50,48.8,50,4830
2001/05/09,C,28.2,28.7,28,28.4,12114
2001/05/10,A,24.6,24.7,23.8,23.8,5969
2001/05/10,B,50,50.5,49.5,50,3933
2001/05/10,C,28.4,28.5,27.8,28,8497
2001/05/11,A,24.4,25.4,24,25.4,21365
2001/05/11,B,49.5,50.5,48.3,50,10971
2001/05/11,C,28.2,29.1,27.6,28.8,22063
2001/05/14,A,25.2,25.8,25,25.5,12661
2001/05/14,B,49,49.5,48.5,48.7,4153
2001/05/14,C,28.3,28.5,28,28,6837
2001/05/15,A,25.6,25.8,24.9,25.1,8121
2001/05/15,B,48.7,49.1,48,48.6,5409
2001/05/15,C,28.4,28.4,28,28,5576
2001/05/16,A,25.2,26,25,25.5,13537
2001/05/16,B,48,48.3,47.5,48,5176
2001/05/16,C,28,28.3,27.7,27.7,7365
2001/05/17,A,25.8,26,25.3,25.6,9097
2001/05/17,B,47.1,48.2,47.1,48,7843
2001/05/17,C,28.2,28.7,28.1,28.4,15815
2001/05/18,A,25.6,25.7,24.8,24.9,8553
2001/05/18,B,47.5,47.9,45,45.2,21096
2001/05/18,C,28.6,28.7,27.8,27.9,12532
2001/05/21,A,24.6,25,24.1,24.5,6687
2001/05/21,B,45,45,42.7,44.7,12350
2001/05/21,C,27.9,27.9,26,26.4,23080
2001/05/22,A,24.7,25,24.5,24.8,6712
2001/05/22,B,44.2,44.9,43.7,43.7,10664
2001/05/22,C,26.5,26.9,26.4,26.5,16394
2001/05/23,A,24.5,25.3,24.2,25.2,6116
2001/05/23,B,43.5,45.5,43.1,44.6,11455
2001/05/23,C,26.5,28.3,26.4,28.3,26514
2001/05/24,A,25,25.2,24.5,24.9,3973
2001/05/24,B,44.6,45.1,44,44,7344
2001/05/24,C,28.4,28.9,28.2,28.3,21060
2001/05/25,A,24.5,24.7,24.1,24.2,4305
2001/05/25,B,43.6,43.8,42.1,42.1,10310
2001/05/25,C,28.3,28.3,27.5,27.6,10976
2001/05/28,A,24.2,24.2,23.7,23.7,5195
2001/05/28,B,41.6,42.1,41.2,41.3,5267
2001/05/28,C,27.2,27.5,27,27.1,7601
2001/05/29,A,23.7,24.1,22.9,22.9,13134
2001/05/29,B,41.3,42.5,40.5,40.5,12515
2001/05/29,C,27,27.7,27,27.1,7190
2001/05/30,A,22.8,23.2,22.7,22.8,8775
2001/05/30,B,40.4,41.1,39.9,40,16909
2001/05/30,C,27,27.3,26.6,26.6,8218
2001/05/31,A,22.8,24.3,22.8,23.7,14707
2001/05/31,B,40.1,41.2,40.1,40.4,9373
2001/05/31,C,26.6,27.5,26.6,26.8,11580
2001/06/01,A,24.2,24.4,23.8,24.2,10014
2001/06/01,B,40.5,41.7,39.6,41.4,16362
2001/06/01,C,27.1,27.3,26.7,27.3,11562
2001/06/04,A,24.7,25,24.5,24.8,15923
2001/06/04,B,41.1,41.3,40.5,40.7,5682
2001/06/04,C,27.4,27.6,27,27.1,8647
2001/06/05,A,25,25.5,24.7,24.8,13963
2001/06/05,B,40.9,41.6,40.6,41.5,11356
2001/06/05,C,27.3,28.1,27.1,27.8,18687
2001/06/06,A,24.9,25.7,24.7,25.5,22482
2001/06/06,B,41.5,42.6,41,42.3,13194
2001/06/06,C,28.1,29.7,27.9,29.7,44813
2001/06/07,A,25,25.5,24.7,25.3,12086
2001/06/07,B,41,42.1,40.3,42.1,14423
2001/06/07,C,28.1,28.8,27.8,28.1,43467
2001/06/08,A,25,25.3,24,24.2,15965
2001/06/08,B,42,43.3,41.8,42.5,20469
2001/06/08,C,28.4,29.2,28.4,28.6,40550
2001/06/11,A,24,25,24,25,9974
2001/06/11,B,42.1,42.5,41.5,42.5,9970
2001/06/11,C,28.6,28.9,28.4,28.8,13767
2001/06/12,A,25.4,25.5,25.1,25.2,9756
2001/06/12,B,42.5,43,42.1,42.4,11667
2001/06/12,C,29.5,30.3,29.3,29.8,62450
2001/06/13,A,25.3,26,25.1,25.1,13779
2001/06/13,B,42.6,43.3,42.3,43,11578
2001/06/13,C,30,31.3,29.9,30.1,70866
2001/06/14,A,25.2,25.3,24.5,24.6,7723
2001/06/14,B,42.6,42.7,41.6,41.6,6515
2001/06/14,C,30.1,30.5,29.2,29.4,22463
2001/06/15,A,24.6,25.2,24.6,25.2,6323
2001/06/15,B,41.3,41.8,41,41.2,7597
2001/06/15,C,29.1,30,29.1,29.9,20741
2001/06/18,A,25,25.2,24.6,24.8,5232
2001/06/18,B,41.2,41.2,40.6,40.6,2883
2001/06/18,C,29.9,29.9,29.2,29.5,14627
2001/06/19,A,25.2,25.6,25.2,25.4,13717
2001/06/19,B,41.3,41.7,41,41.3,5625
2001/06/19,C,30.1,30.4,29.6,29.6,29801
2001/06/20,A,25.7,26,25.4,25.4,14482
2001/06/20,B,41.4,41.9,40.7,40.8,5692
2001/06/20,C,30.1,30.2,29.7,29.7,17819
2001/06/21,A,25.6,25.8,25.2,25.5,6300
2001/06/21,B,40.8,41.2,40.2,40.2,5710
2001/06/21,C,29.8,30.2,29.2,29.2,22587
2001/06/22,A,25.6,25.6,24.8,25,5413
2001/06/22,B,40.5,40.8,39,39.5,5547
2001/06/22,C,29,29.4,28.2,28.2,28352
2001/06/26,A,25,25.3,24.8,24.9,4687
2001/06/26,B,40,40,38.5,38.6,7056
2001/06/26,C,28.4,28.5,27.5,27.6,18680
2001/06/27,A,25.1,25.5,24.5,24.6,10067
2001/06/27,B,39.5,39.6,38.6,39.1,4689
2001/06/27,C,28,28.7,28,28.2,23565
2001/06/28,A,24.8,24.8,23.8,23.9,9723
2001/06/28,B,39.2,39.7,39,39.6,4981
2001/06/28,C,28.5,28.8,28,28,18710
2001/06/29,A,24.3,24.4,24,24.1,8362
2001/06/29,B,40.3,42,39.9,41.5,13760
2001/06/29,C,28.3,28.7,28.2,28.4,23303
2001/07/02,A,23.9,24.5,23.6,24.3,10181
2001/07/02,B,41.1,41.1,40,40.8,6947
2001/07/02,C,28.3,28.3,27.5,27.9,12793
2001/07/03,A,24.3,24.7,24.2,24.5,4878
2001/07/03,B,40.2,40.5,39.8,40.3,3129
2001/07/03,C,27.9,28,27.5,27.6,6537
2001/07/04,A,24.3,24.3,23.6,23.6,5404
2001/07/04,B,39.7,40,38.8,38.8,4598
2001/07/04,C,27.3,27.4,26.7,26.7,13791
2001/07/05,A,23.5,23.8,23,23,4185
2001/07/05,B,38.8,39.4,38.4,39,3124
2001/07/05,C,26.5,27.2,26.3,26.6,9494
2001/07/06,A,23,23.1,22.6,22.6,10177
2001/07/06,B,39,40.4,39,39.7,4435
2001/07/06,C,26.5,27.3,26.4,26.8,9756
2001/07/09,A,22.5,22.5,21.5,21.7,13768
2001/07/09,B,39.9,40,39.1,39.1,2281
2001/07/09,C,27,27,26.7,26.8,6916
2001/07/10,A,21.5,21.7,20.4,20.4,8707
2001/07/10,B,39.4,39.5,38.8,39,1953
2001/07/10,C,26.9,27.3,26.3,26.3,8559
2001/07/11,A,20,20.2,19.2,19.6,10931
2001/07/11,B,38.8,39,38.3,38.5,5012
2001/07/11,C,26.1,26.2,24.6,24.6,33713
2001/07/12,A,19.7,19.9,19.6,19.7,7178
2001/07/12,B,38.7,39,38.3,38.3,3379
2001/07/12,C,24.3,25,24.2,24.6,21313
2001/07/13,A,19.9,20.2,19.2,19.3,14676
2001/07/13,B,38.9,38.9,35.8,36,9746
2001/07/13,C,25,25.1,23,23.1,25900
2001/07/16,A,19.3,19.3,18,18,10865
2001/07/16,B,36.1,36.5,33.5,33.7,8467
2001/07/16,C,23,23.3,21.5,21.8,33014
2001/07/17,A,17.2,17.5,16.9,17.3,34307
2001/07/17,B,33.3,34.2,33.3,33.9,6339
2001/07/17,C,21.7,22.6,21.7,22.3,24139
2001/07/18,A,17.6,18.2,17.2,17.9,27239
2001/07/18,B,33.9,34,31.6,31.6,10814
2001/07/18,C,22.5,22.6,20.8,20.8,26587
2001/07/19,A,17.5,18.9,17.5,18.6,20123
2001/07/19,B,29.8,31.6,29.5,30.5,13660
2001/07/19,C,20,21.3,20,20.9,30110
2001/07/20,A,18.8,19.7,18.5,18.7,22370
2001/07/20,B,30,32.3,29.8,32,12812
2001/07/20,C,21.1,22,20.7,21.3,24110
2001/07/23,A,18.7,19,18.5,18.8,7117
2001/07/23,B,32,32.2,31.2,31.2,4251
2001/07/23,C,21.5,21.6,21,21.1,13857
2001/07/24,A,18.6,18.8,18,18,9229
2001/07/24,B,30.8,30.9,29.8,29.8,5834
2001/07/24,C,21,21,20.3,20.3,18609
2001/07/25,A,18,18.8,18,18.5,7653
2001/07/25,B,30,30.8,29.8,30.3,6876
2001/07/25,C,20.3,21,20.3,20.8,19279
2001/07/26,A,18.5,19.5,18.3,19.5,12141
2001/07/26,B,30.4,31.4,30.1,31.2,13868
2001/07/26,C,21.1,22.2,20.8,22.2,30257
2001/07/27,A,19.5,19.5,18.8,19,9941
2001/07/27,B,31,31.2,30.2,30.6,10747
2001/07/27,C,22.3,23.2,21.9,22.3,36682
2001/07/31,A,19.5,19.5,18.7,18.7,14954
2001/07/31,B,30,30.3,29.2,29.8,10050
2001/07/31,C,22,22.2,21.6,21.8,12100
2001/08/01,A,19,19.3,18.6,19,12168
2001/08/01,B,30,30.2,29,29.2,9587
2001/08/01,C,22,22.1,20.9,21,19089
2001/08/02,A,19,19.4,18.8,19.2,5093
2001/08/02,B,29.2,30.3,29.2,30.2,17085
2001/08/02,C,21.1,21.8,21.1,21.8,16029
2001/08/03,A,19.3,20.1,19.3,20.1,14692
2001/08/03,B,30.2,32.2,30.2,31.7,24945
2001/08/03,C,22,22.7,21.9,22.2,34222
2001/08/06,A,20.3,20.5,20,20,13880
2001/08/06,B,31.9,32.4,30.7,30.7,13099
2001/08/06,C,22.2,22.7,21.6,21.7,20357
2001/08/07,A,20,20,19.7,19.8,4547
2001/08/07,B,30.7,30.7,30,30.1,6611
2001/08/07,C,21.6,21.7,21.2,21.4,9267
2001/08/08,A,20.2,20.7,19.9,20.7,7543
2001/08/08,B,30.5,32.2,30.3,32.2,17109
2001/08/08,C,21.4,22.5,21.4,22.5,21826
2001/08/09,A,20.5,20.8,20.3,20.5,8318
2001/08/09,B,32.3,33.4,32.3,32.4,35422
2001/08/09,C,22.2,22.7,21.9,21.9,24875
2001/08/10,A,20.4,20.5,19.9,20.5,6705
2001/08/10,B,33.4,34.5,32.1,34.3,26167
2001/08/10,C,22.1,22.5,21.6,22.2,16872
2001/08/13,A,20.7,21.6,20.7,21.3,15965
2001/08/13,B,35.3,36.7,35,36.2,37480
2001/08/13,C,22.5,23.4,22.5,22.9,44353
2001/08/14,A,21.3,21.3,20.7,21.1,7505
2001/08/14,B,36.2,37.5,35.5,37.5,31131
2001/08/14,C,23.3,23.3,22.5,22.8,27436
2001/08/15,A,20.9,21.3,20.8,21.1,6861
2001/08/15,B,37.4,37.8,36.9,37.2,21713
2001/08/15,C,23,23.7,22.7,23.3,42918
2001/08/16,A,21.4,22.5,21.2,22.4,19117
2001/08/16,B,37.4,38.9,37.4,38.7,28805
2001/08/16,C,23.5,24.2,23.4,23.6,41312
2001/08/17,A,22.4,22.4,21.8,22.1,7896
2001/08/17,B,38.7,38.7,37.5,37.8,13783
2001/08/17,C,23.8,23.8,23.1,23.2,21955
2001/08/20,A,21.5,22,21.5,22,6082
2001/08/20,B,36.6,37.4,36.5,36.6,13839
2001/08/20,C,22.6,23,22.4,22.4,24934
2001/08/21,A,21.7,21.9,21.2,21.6,6295
2001/08/21,B,36.6,36.8,35.2,36.7,11985
2001/08/21,C,22.4,22.7,22.2,22.5,11052
2001/08/22,A,21.8,22.3,21.8,22,12430
2001/08/22,B,35.3,37.1,35.3,37,12038
2001/08/22,C,22.6,23.2,22.6,22.8,23662
2001/08/23,A,22.5,22.5,21.8,22.1,7387
2001/08/23,B,36.9,36.9,35.7,36.8,8287
2001/08/23,C,23,23.1,22.4,22.5,9792
2001/08/24,A,21.9,22.1,20.7,21.1,6905
2001/08/24,B,36.5,36.8,35.5,35.5,8576
2001/08/24,C,22.5,22.8,21.8,21.8,18816
2001/08/27,A,21.1,22,21,21.8,12521
2001/08/27,B,35.6,37.3,35.5,37.3,18653
2001/08/27,C,22.1,22.7,22,22.2,17650
2001/08/28,A,21.6,22,21.4,21.7,5415
2001/08/28,B,34.1,34.8,34,34.4,28939
2001/08/28,C,22.4,22.6,22.1,22.1,13223
2001/08/29,A,21.6,23.2,21.6,23.2,25802
2001/08/29,B,34.5,36.8,34.5,36.8,31170
2001/08/29,C,22.1,23.4,22.1,23.4,50366
2001/08/30,A,23,24.3,23,23.1,19850
2001/08/30,B,37.9,39.3,37.8,39.3,57827
2001/08/30,C,23.4,24.3,23.2,23.4,63161
2001/08/31,A,22.8,23.4,22.6,23.1,9069
2001/08/31,B,39.5,41.1,39.3,41.1,81840
2001/08/31,C,23.2,24.1,23,23.8,61357
2001/09/03,A,22.9,23.1,22.3,22.4,11129
2001/09/03,B,41,41.2,40.3,40.4,22087
2001/09/03,C,23.9,24.3,23.5,23.7,39144
2001/09/04,A,22.4,22.4,20.9,21,25189
2001/09/04,B,40,40.1,38.5,39.7,27815
2001/09/04,C,23.6,23.9,23.1,23.2,22132
2001/09/05,A,20.8,21.4,20.7,21.1,12975
2001/09/05,B,39.7,40.8,39.3,39.7,29867
2001/09/05,C,23.2,23.6,22.7,22.8,25156
2001/09/06,A,21.1,21.3,20.1,20.6,10806
2001/09/06,B,39.7,41,39.3,40.8,43774
2001/09/06,C,22.8,23,22.5,22.6,20572
2001/09/07,A,20.2,20.6,19.9,20.3,5799
2001/09/07,B,40.8,41.2,39.8,40.6,22045
2001/09/07,C,22.3,22.5,21.8,22,20647
2001/09/10,A,20.4,21.3,20.1,20.9,6166
2001/09/10,B,39.9,40.4,39,40.3,15077
2001/09/10,C,21.9,22.3,21.6,22.1,9665
2001/09/11,A,21.2,21.2,20.2,20.3,3553
2001/09/11,B,40.3,40.4,39.1,39.3,11412
2001/09/11,C,22.2,22.5,21.8,21.9,16549
2001/09/13,A,18.9,19.5,18.9,18.9,15682
2001/09/13,B,36.6,38.1,36.6,38.1,16748
2001/09/13,C,20.4,20.4,20.4,20.4,16496
2001/09/14,A,20.2,20.2,17.9,18.2,38951
2001/09/14,B,38.5,39,37.4,38.3,36049
2001/09/14,C,20.4,20.8,19,19.1,48345
2001/09/19,A,17.8,19.1,17.6,19,25659
2001/09/19,B,37,38.3,37,38.3,23399
2001/09/19,C,18.5,20.3,18.5,20.3,74255
2001/09/20,A,18.4,18.9,18.4,18.4,9463
2001/09/20,B,37.3,37.7,37,37,9525
2001/09/20,C,19.8,20.3,19.6,19.7,28069
2001/09/21,A,17.8,17.8,17.8,17.8,1570
2001/09/21,B,35.8,36.1,35.8,35.8,5926
2001/09/21,C,19.1,19.3,19.1,19.1,12630
2001/09/24,A,17.2,17.8,16.6,17.3,11271
2001/09/24,B,33.9,35.8,33.3,34.4,15006
2001/09/24,C,18.4,19.4,18.4,19.3,24589
2001/09/25,A,17.6,17.9,16.5,16.9,13470
2001/09/25,B,35,35.2,32,33.5,19843
2001/09/25,C,19.8,20.1,19,19.2,44925
2001/09/26,A,16.5,16.6,15.9,16.3,38442
2001/09/26,B,33,34.5,31.5,34.1,20092
2001/09/26,C,15.8,16.8,15.8,16.8,49220
2001/09/27,A,16.3,16.8,15.9,16.5,19381
2001/09/27,B,33,33.7,32.6,33.6,8356
2001/09/27,C,16.7,16.7,16.4,16.4,13162
2001/09/28,A,16.8,17.6,16.6,17.6,25056
2001/09/28,B,34.1,35.6,33.7,35.6,19653
2001/09/28,C,16.8,17.2,16.7,17,41558
2001/10/02,A,17.4,17.5,17,17.1,27817
2001/10/02,B,35.7,35.8,33.9,35.1,8485
2001/10/02,C,17,17.2,16.5,16.5,21622
2001/10/03,A,17.3,18.2,17.2,18.2,31160
2001/10/03,B,35.1,35.5,34.7,35.3,12972
2001/10/03,C,16.6,17,16.5,16.6,23615
2001/10/04,A,19.4,19.4,19.4,19.4,14339
2001/10/04,B,37.7,37.7,35.8,36.6,27649
2001/10/04,C,17.7,17.7,17,17.1,36801
2001/10/05,A,19.4,19.6,18.8,19.4,21236
2001/10/05,B,36,37.5,35.7,37.5,15230
2001/10/05,C,17.1,17.3,16.8,17.3,21360
2001/10/08,A,19,19.1,18.6,18.9,11054
2001/10/08,B,37,38.3,36.5,38,19738
2001/10/08,C,16.5,17.1,16.5,17,19549
2001/10/09,A,18.8,19,18.4,18.8,11837
2001/10/09,B,38,38.2,37.5,38,14168
2001/10/09,C,17.1,17.4,16.9,17.2,19687
2001/10/11,A,19.1,19.8,18.5,18.8,26789
2001/10/11,B,38.4,40.1,38.2,39.3,25409
2001/10/11,C,17.6,18.2,17.6,18,35606
2001/10/12,A,17.5,17.8,17.5,17.5,65266
2001/10/12,B,39.3,39.3,36.6,38.6,22397
2001/10/12,C,18.2,18.3,17.3,17.4,29373
2001/10/15,A,16.3,17,16.3,16.9,67788
2001/10/15,B,36.8,37.4,36.7,36.8,9118
2001/10/15,C,17.2,17.3,17,17.2,11443
2001/10/16,A,16.6,17.2,16.6,17.2,36177
2001/10/16,B,36.5,37,36.5,36.9,8897
2001/10/16,C,17.3,17.5,17.2,17.4,10488
2001/10/17,A,17.2,17.2,16.7,17,28810
2001/10/17,B,36.8,37.5,36.3,36.6,11827
2001/10/17,C,17.4,17.6,17.2,17.4,15220
2001/10/18,A,17,17.3,16.8,16.9,17124
2001/10/18,B,36.6,37.4,36.3,36.3,16517
2001/10/18,C,17.4,17.6,17.3,17.3,15754
2001/10/19,A,16.9,17.6,16.6,17.5,26912
2001/10/19,B,36.5,38,36.1,37.8,18850
2001/10/19,C,17.2,17.6,17.2,17.4,13548
2001/10/22,A,17.8,18.1,17.6,18.1,20968
2001/10/22,B,37.8,38.9,37.6,38.8,14372
2001/10/22,C,17.5,18.5,17.5,18.5,40808
2001/10/23,A,18.3,18.4,17.4,17.7,19351
2001/10/23,B,39.1,39.8,38.5,39.3,19188
2001/10/23,C,18.9,18.9,18.2,18.5,44734
2001/10/24,A,17.5,17.7,17.2,17.7,14576
2001/10/24,B,39.3,40,38.8,40,19752
2001/10/24,C,18.5,19,18.2,19,31380
2001/10/25,A,17.7,18,17.5,17.8,14373
2001/10/25,B,39.8,40.3,39.6,39.8,12969
2001/10/25,C,18.9,19.3,18.6,18.6,26275
2001/10/26,A,17.9,18.3,17.8,18,20381
2001/10/26,B,40,41.5,39.4,41.4,34175
2001/10/26,C,18.6,19.2,18.5,18.6,41403
2001/10/29,A,18,18.2,17.8,17.8,11389
2001/10/29,B,41.4,42.3,41.1,42.1,25110
2001/10/29,C,18.8,19,18.6,18.6,20717
2001/10/30,A,17.5,17.6,17,17.5,15195
2001/10/30,B,40.2,40.6,39.2,40.3,28224
2001/10/30,C,18.3,18.4,17.9,18,23967
2001/10/31,A,17.2,17.5,17,17.5,9077
2001/10/31,B,39.6,40,38.6,39.8,16844
2001/10/31,C,18,18.4,18,18.1,16025
2001/11/01,A,17.5,17.5,17,17.5,10911
2001/11/01,B,39.5,39.8,38.8,39.4,13490
2001/11/01,C,18.3,18.5,18.2,18.4,18194
2001/11/02,A,17.5,17.6,17.1,17.2,16206
2001/11/02,B,39.4,39.8,38.8,39.3,13873
2001/11/02,C,18.6,18.9,18.5,18.6,27172
2001/11/05,A,17,17.1,16.5,16.8,26370
2001/11/05,B,38.9,40,37,40,38780
2001/11/05,C,18.7,18.7,18,18.5,24840
2001/11/06,A,17,17.3,16.8,16.9,26643
2001/11/06,B,40,40.3,39.3,40,17766
2001/11/06,C,18.5,19,18.3,18.4,32667
2001/11/07,A,17,17.2,16.9,17,17479
2001/11/07,B,40.3,40.4,39.6,40.1,11732
2001/11/07,C,18.5,18.8,18.4,18.4,22761
2001/11/08,A,17.1,17.2,16.6,16.6,13425
2001/11/08,B,40.1,40.1,39.1,39.4,8461
2001/11/08,C,18.6,18.7,18.3,18.3,20974
2001/11/09,A,16.6,16.8,16.5,16.5,11355
2001/11/09,B,38.8,39,38.5,39,6966
2001/11/09,C,18.2,18.3,18,18,21671
2001/11/12,A,16.5,16.8,16.3,16.6,12476
2001/11/12,B,38.7,38.7,38,38,7141
2001/11/12,C,18,18.1,17.5,17.7,22608
2001/11/13,A,16.6,16.9,16.5,16.6,14546
2001/11/13,B,37.5,38.4,37.5,37.7,7542
2001/11/13,C,17.5,18,17.5,17.6,23686
2001/11/14,A,16.9,17.3,16.8,17.1,25578
2001/11/14,B,38.4,38.9,38,38.5,8670
2001/11/14,C,18,18.4,17.8,18.2,44656
2001/11/15,A,17.3,17.8,17.2,17.7,39676
2001/11/15,B,38.5,39.5,38.3,38.7,11572
2001/11/15,C,18.3,18.7,18.2,18.5,34494
2001/11/16,A,18.2,18.5,17.9,18.2,47619
2001/11/16,B,39,39.8,38.8,38.8,15857
2001/11/16,C,18.8,19.1,18.5,18.6,57604
2001/11/19,A,18.5,18.5,17.4,17.5,30736
2001/11/19,B,39.4,39.5,38.8,39,10934
2001/11/19,C,18.9,19.3,18.8,19,56833
2001/11/20,A,17.9,18.4,17.7,17.8,39637
2001/11/20,B,39.4,41.7,39.4,41.7,55823
2001/11/20,C,19.4,20.3,19.4,19.7,132945
2001/11/21,A,18,18.2,17.8,17.9,16668
2001/11/21,B,42.1,42.5,40.8,41.5,29948
2001/11/21,C,19.8,19.9,19.3,19.3,45220
2001/11/22,A,18.5,18.7,17.9,17.9,32933
2001/11/22,B,43,44.4,42.7,42.9,52506
2001/11/22,C,19.9,20.2,19.2,19.2,73245
2001/11/23,A,18.1,18.2,17.9,18,14258
2001/11/23,B,43.4,44.3,42.7,44,32809
2001/11/23,C,19.3,19.6,19.2,19.4,31727
2001/11/26,A,18.2,18.4,18,18.1,17239
2001/11/26,B,44.6,46.4,44.6,45.4,31165
2001/11/26,C,19.9,20.5,19.8,20.2,99761
2001/11/27,A,18.4,18.4,17.6,17.6,23318
2001/11/27,B,46.6,46.6,44,44.2,28022
2001/11/27,C,20.5,20.7,19.5,19.8,88754
2001/11/28,A,17.5,17.8,17.1,17.3,16101
2001/11/28,B,44.2,44.7,41.5,41.5,18498
2001/11/28,C,19.8,20.1,18.8,18.8,52253
2001/11/29,A,17.3,17.9,17.1,17.9,20336
2001/11/29,B,41.7,43.1,41.7,43.1,23500
2001/11/29,C,18.8,19.3,18.5,19.3,60994
2001/11/30,A,17.5,17.8,17.2,17.5,21123
2001/11/30,B,43.4,43.4,41.9,42,16957
2001/11/30,C,19.3,19.3,18.4,18.4,33130
2001/12/03,A,17.7,17.9,17.5,17.6,13680
2001/12/03,B,42.8,44.9,42.7,44.9,25413
2001/12/03,C,18.9,19.2,18.7,19.1,36540
2001/12/04,A,17.9,18.3,17.7,18.3,27943
2001/12/04,B,48,48,47.1,48,34889
2001/12/04,C,19.1,20.3,18.8,20.3,98759
2001/12/05,A,18.5,19.2,18.3,18.6,51815
2001/12/05,B,50.5,51,49.6,51,45763
2001/12/05,C,20.4,21.1,19.9,20.2,181882
2001/12/06,A,19,19.9,18.8,19.9,66706
2001/12/06,B,53,54.5,53,54.5,26129
2001/12/06,C,20.9,21.6,20.7,21.6,207583
2001/12/07,A,21,21.2,20.5,21.2,69475
2001/12/07,B,55,58,54.5,58,32074
2001/12/07,C,22.1,23.1,22,22.9,179690
2001/12/10,A,21.4,22.2,21.1,21.3,54462
2001/12/10,B,59,60.5,55,60,31869
2001/12/10,C,23.3,24,22.5,22.9,135684
2001/12/11,A,21.1,21.1,19.9,19.9,33988
2001/12/11,B,58,58,56,58,30453
2001/12/11,C,22.1,22.8,21.3,21.5,83702
2001/12/12,A,19.9,21,19.8,20.6,44372
2001/12/12,B,58,60,57,60,27795
2001/12/12,C,22.1,22.9,21.7,22.9,84905
2001/12/13,A,20.9,21.4,20.1,20.9,72471
2001/12/13,B,60,60.5,56,60,26587
2001/12/13,C,22.7,22.8,21.3,22.3,107083
2001/12/14,A,20.9,22.3,20.9,22.3,91076
2001/12/14,B,57,59,56.5,59,16517
2001/12/14,C,21.6,22.7,21.6,22.7,78207
2001/12/17,A,22.9,23.8,22.9,23.8,87220
2001/12/17,B,59,60,57.5,60,24000
2001/12/17,C,23,24.1,23,24,142931
2001/12/18,A,24.2,24.2,22.5,22.8,61141
2001/12/18,B,60,60,57,59.5,35681
2001/12/19,A,23.3,23.3,21.3,21.3,41383
2001/12/20,A,20.8,21.3,20,20.9,34637
2001/12/21,A,20.6,21.2,20,20,30550
2001/12/24,A,20.5,20.8,20.1,20.1,36107
2001/12/25,A,20.3,21,20.3,20.9,22538
2001/12/26,A,21,21.3,20.4,20.4,25288
2001/12/27,A,20.8,21.3,20.6,21.2,38140
2001/12/28,A,21.2,21.2,20.5,20.5,25400
2001/12/28,C,23.8,23.8,22.4,22.7,95589
2001/12/31,A,20.8,21.4,20.8,21,24391
2001/12/31,B,55.5,59.5,55.5,57,13803
2001/12/31,C,22.7,23.8,22.7,23.5,67696
