日期(0), 名稱(1), 開盤價(2), 高點(3), 低點(4), 收盤價(5), 成交量(6)

2001/01/02,A,20.8,21.5,20.3,21.5,31441
2001/01/02,B,58,59.5,57,59,5187
2001/01/02,C,24.4,25.2,24,25.2,26485
2001/01/03,A,21.3,22.1,21,21.6,31332
2001/01/03,B,58,58.5,57,57.5,3708
2001/01/03,C,24.6,25.5,24.6,24.8,18286
2001/01/04,A,22.6,23.1,22,23,52349
2001/01/04,B,59,61,58,59.5,13062
2001/01/04,C,25.8,26.2,25.3,25.8,41462
2001/01/05,A,23,24.2,22.6,23.8,54092
2001/01/05,B,59.5,60.5,58,60,10572
2001/01/05,C,25.7,27.6,25.3,27.6,71759
2001/01/08,A,23.6,24.2,23,23.5,40102
2001/01/08,B,59,61.5,59,59,10821
2001/01/08,C,27.4,28.4,26.8,26.8,86398
2001/01/09,A,23.4,24,23.2,23.6,47610
2001/01/09,B,59.5,61,59,61,8276
2001/01/09,C,27.3,28.3,27,28.3,66311
2001/01/10,A,23.6,24.2,23.3,23.4,39402
2001/01/10,B,61.5,62.5,61,61.5,9223
2001/01/10,C,28.6,29.4,28.3,28.4,88686
2001/01/11,A,23.5,23.7,22.6,23.5,34381
2001/01/11,B,62,62.5,59.5,59.5,6491
2001/01/11,C,29,29.6,28.5,28.7,99141
2001/01/12,A,23.5,23.5,22.5,22.5,15153
2001/01/12,B,59.5,60.5,59,60.5,4272
2001/01/12,C,28.8,28.8,27.6,27.7,34484
2001/01/15,A,22.5,23.5,22.4,23.3,28017
2001/01/15,B,60,61,59.5,61,3168
2001/01/15,C,27.2,28.4,27.2,28.3,31246
2001/01/16,A,23.7,24.9,23.5,24.8,47863
2001/01/16,B,61.5,64.5,61,63,16651
2001/01/16,C,28.5,30.2,28.5,30.2,98530
2001/01/17,A,25.3,26.5,24.9,26.5,60357
2001/01/17,B,63.5,65,62.5,64,16747
2001/01/17,C,30.7,32.1,30.5,31.8,118304
2001/01/18,A,26.5,28,25.8,27.5,84162
2001/01/18,B,64,68,63,68,26597
2001/01/18,C,32,33.8,31.1,33.2,135486
2001/01/29,A,27.5,28.5,26,26,58815
2001/01/29,B,68.5,71.5,67,67.5,29088
2001/01/29,C,33.8,35.5,32.8,33.2,142992
2001/01/30,A,25.7,26.5,24.8,25.8,39638
2001/01/30,B,68,69,65,67.5,10288
2001/01/30,C,34,34.8,32.6,34.5,122650
2001/01/31,A,26.1,27.3,25.8,26.8,48022
2001/01/31,B,68.5,68.5,67,68,14148
2001/01/31,C,35,35.5,34.4,34.8,119709
2001/02/01,A,26.7,27.2,25.9,25.9,36440
2001/02/01,B,68,68.5,66.5,66.5,6873
2001/02/01,C,35,36,34.8,35.6,80686
2001/02/02,A,26.3,26.6,25.8,25.8,55366
2001/02/02,B,67.5,68.5,66.5,67.5,11317
2001/02/02,C,36.6,38,36.1,37.8,148287
2001/02/05,A,24.2,25.2,24.2,24.4,28799
2001/02/05,B,67,67,65,65,8359
2001/02/05,C,37.4,37.4,35.2,35.5,92148
2001/02/06,A,24.3,25.3,24.3,24.7,29190
2001/02/06,B,65,66.5,65,65,6172
2001/02/06,C,34.6,36.2,34,34.5,90598
2001/02/07,A,24.7,25.3,24.7,25,23634
2001/02/07,B,64,66,64,65.5,4770
2001/02/07,C,33.5,34.5,33.5,33.7,54656
2001/02/08,A,25.6,25.7,25.1,25.6,24727
2001/02/08,B,65.5,67,65.5,66.5,6262
2001/02/08,C,34.5,34.7,33.9,34.6,59789
2001/02/09,A,26,26.7,25.9,26.2,35423
2001/02/09,B,66.5,67.5,66,66.5,6442
2001/02/09,C,36.3,37,35.6,37,191514
2001/02/12,A,26.3,26.5,25.9,26.2,18924
2001/02/12,B,66.5,67.5,66,67,7043
2001/02/12,C,36.8,36.9,35.8,36.5,98692
2001/02/13,A,26.8,26.9,26.2,26.6,27528
2001/02/13,B,67.5,68.5,67.5,68,8812
2001/02/13,C,37,38.2,36.2,37.8,173958
2001/02/14,A,27.1,27.5,26.7,26.9,51616
2001/02/14,B,69,69.5,67,67.5,7931
2001/02/14,C,37.7,37.9,35.5,35.5,107160
2001/02/15,A,27.4,28.3,27,28.2,44278
2001/02/15,B,67.5,69,66,69,6911
2001/02/15,C,35.5,36.4,35,36.2,79937
2001/02/16,A,28.2,28.3,26.7,27,29701
2001/02/16,B,69.5,69.5,67,67,5366
2001/02/16,C,36.4,36.6,35,35.2,62840
2001/02/19,A,26.2,26.5,26.1,26.4,18250
2001/02/19,B,65.5,67.5,65.5,67,4466
2001/02/19,C,33.6,34.5,33.6,34.1,36137
2001/02/20,A,26.5,27,26.2,26.2,22222
2001/02/20,B,68,69.5,68,68.5,10091
2001/02/20,C,34.3,35.2,34.1,34.4,46425
2001/02/21,A,26,26.5,25.6,25.6,15596
2001/02/21,B,69,69,68,68.5,5109
2001/02/21,C,34,34.4,33.5,33.9,26898
2001/02/22,A,25.3,25.8,24.9,25.1,18175
2001/02/22,B,66.5,67.5,64.5,65,7183
2001/02/22,C,33.5,34,32.6,33.1,47128
2001/02/23,A,25.5,25.9,25.1,25.6,20204
2001/02/23,B,63.5,65,62,62,9080
2001/02/23,C,33.2,33.8,33,33.3,26190
2001/02/26,A,25.8,26.2,25.6,25.7,16048
2001/02/26,B,62,64,62,63.5,4231
2001/02/26,C,33.6,34,33.5,33.6,18921
2001/02/27,A,26.2,26.2,25.7,25.9,12147
2001/02/27,B,64,64,61,62,4975
2001/02/27,C,34.2,34.5,33.8,34.1,32473
2001/03/01,A,25.6,25.9,25.5,25.6,11767
2001/03/01,B,61,61,59,59,6790
2001/03/01,C,33.9,33.9,33.2,33.2,22302
2001/03/02,A,25.7,25.9,25.5,25.6,10090
2001/03/02,B,59,60,58.5,59,3691
2001/03/02,C,33.7,33.8,33.4,33.5,19191
2001/03/05,A,25.8,26.1,25.5,26,10999
2001/03/05,B,59,60,58.5,59.5,2944
2001/03/05,C,33.7,34.3,33.6,33.9,23368
2001/03/06,A,26,26.3,25.6,25.6,13859
2001/03/06,B,60.5,60.5,59,59,3278
2001/03/06,C,34.4,34.6,33.6,33.9,30074
2001/03/07,A,26,26.3,25.9,26,15040
2001/03/07,B,60,60.5,59.5,60.5,4407
2001/03/07,C,34.4,35.1,34.2,35.1,58285
2001/03/08,A,26.2,26.3,25.6,25.6,8365
2001/03/08,B,60.5,60.5,58.5,58.5,4414
2001/03/08,C,35.1,35.1,34,34.1,35630
2001/03/09,A,25.6,25.9,25.3,25.9,9208
2001/03/09,B,58,60,58,59.5,5838
2001/03/09,C,34,34.1,33.5,33.7,15357
2001/03/12,A,25.6,25.7,25,25.1,10037
2001/03/12,B,58,59,58,58.5,3522
2001/03/12,C,33.2,33.5,33,33,16806
2001/03/13,A,24.8,26.2,24.5,26.1,23656
2001/03/13,B,57,58.5,57,57.5,7980
2001/03/13,C,32.1,33.6,32,33.1,27468
2001/03/14,A,26.3,26.5,25.5,25.6,20066
2001/03/14,B,58.5,58.5,57,58,7572
2001/03/14,C,33.7,33.7,33,33.1,15800
2001/03/15,A,25.7,26.1,25.5,25.9,13497
2001/03/15,B,58,60,57.5,59.5,7642
2001/03/15,C,33,33.4,32.6,33.3,20163
2001/03/16,A,26,27.3,26,26.7,37690
2001/03/16,B,60,62,60,60,8147
2001/03/16,C,33.4,34.9,33.4,33.9,52050
2001/03/19,A,26.9,27,26.4,26.6,17056
2001/03/19,B,60.5,60.5,58.5,58.5,3471
2001/03/19,C,34.1,34.3,33.7,33.9,27932
2001/03/20,A,27,27.1,26.5,26.7,12488
2001/03/20,B,59,59,57.5,57.5,2500
2001/03/20,C,34,34.3,33.5,33.6,17120
2001/03/21,A,26.6,27.5,26.3,26.6,18944
2001/03/21,B,57.5,59,57.5,57.5,3401
2001/03/21,C,33.3,34.5,33.3,33.5,22538
2001/03/22,A,26.2,27,26.2,26.5,11580
2001/03/22,B,56.5,59,56.5,59,5361
2001/03/22,C,33.3,33.9,33.3,33.6,17900
2001/03/23,A,26.9,27.1,26.4,26.5,14325
2001/03/23,B,59.5,60,58,59,3854
2001/03/23,C,34,34.6,33.8,34,45236
2001/03/26,A,27,27,26.5,26.7,11097
2001/03/26,B,58.5,59,58,59,3222
2001/03/26,C,34.5,35,34.4,34.7,35355
2001/03/27,A,26.9,27.3,26.6,26.6,21976
2001/03/27,B,59,59.5,58.5,58.5,4567
2001/03/27,C,35,35.6,34.6,35.3,64480
2001/03/28,A,26.9,27.1,26.6,26.6,19931
2001/03/28,B,59,59.5,58,58,3278
2001/03/28,C,35.5,35.7,34.5,35,35584
2001/03/29,A,26.9,27.1,26.6,26.6,12435
2001/03/29,B,57.5,58.5,57,57.5,5306
2001/03/29,C,35,35.2,34.1,34.1,20898
2001/03/30,A,26.6,26.9,26,26.1,13351
2001/03/30,B,57.5,57.5,55,55.5,7604
2001/03/30,C,34.4,34.4,33.5,33.7,25279
2001/04/02,A,26.1,26.3,25.7,25.8,9766
2001/04/02,B,55.5,56,53.5,53.5,5143
2001/04/02,C,33.6,33.7,32.1,32.2,28560
2001/04/03,A,25.8,26,25.5,25.5,6899
2001/04/03,B,52,53,52,53,5866
2001/04/03,C,31.4,32,31.1,31.3,21571
2001/04/04,A,25.7,25.8,25,25.3,10158
2001/04/04,B,51.5,53,49.9,50.5,10903
2001/04/04,C,31.3,31.9,31.1,31.4,12507
2001/04/06,A,25.8,25.9,25.5,25.7,9881
2001/04/06,B,51.5,52,49,49.8,12131
2001/04/06,C,32.4,32.4,31.8,31.8,14446
2001/04/09,A,25.7,25.7,25,25.1,6766
2001/04/09,B,49.8,49.8,48.8,49,7657
2001/04/09,C,31.4,31.6,31,31.1,10850
2001/04/10,A,25.1,25.7,25.1,25.4,8209
2001/04/10,B,49.3,50.5,49.2,49.3,10459
2001/04/10,C,31.1,31.6,30.5,30.5,14521
2001/04/11,A,25.9,25.9,25,25.4,8788
2001/04/11,B,50,51,49.6,50.5,5296
2001/04/11,C,31.1,31.5,30.6,31.5,17958
2001/04/12,A,25.3,25.4,24.5,24.5,17141
2001/04/12,B,51,51,50,50,3152
2001/04/12,C,31.5,31.6,31,31.1,12369
2001/04/13,A,24.5,25.2,24.3,24.4,12116
2001/04/13,B,50.5,51.5,50,50.5,4664
2001/04/13,C,31.5,32.4,31.4,31.5,27855
2001/04/16,A,24.4,24.5,23.8,23.9,6472
2001/04/16,B,50.5,50.5,49.2,49.2,2358
2001/04/16,C,31.1,31.1,30.3,30.4,19618
2001/04/17,A,23.8,24.5,23.8,24.3,5612
2001/04/17,B,49.2,50,49,49.3,3435
2001/04/17,C,30.4,30.8,30.3,30.3,11549
2001/04/18,A,24.6,25.1,24.6,24.7,8127
2001/04/18,B,50,50.5,49.8,50,2934
2001/04/18,C,30.8,30.8,30.5,30.5,10858
2001/04/19,A,25.5,25.5,24.7,24.8,12694
2001/04/19,B,51.5,51.5,50.5,50.5,7323
2001/04/19,C,31.2,31.5,30.9,31.1,20760
2001/04/20,A,24.8,25.2,24.2,24.2,9243
2001/04/20,B,51.5,51.5,50.5,50.5,3393
2001/04/20,C,31.5,31.5,30.6,30.7,10980
2001/04/23,A,24.2,24.5,24,24,6816
2001/04/23,B,51,51.5,50.5,51,3153
2001/04/23,C,31,31.2,30.5,31,8796
2001/04/24,A,24,24.4,24,24.1,5829
2001/04/24,B,51,52,51,51,4298
2001/04/24,C,30.8,31.2,30.6,30.6,8818
2001/04/25,A,24.3,24.5,23.8,23.8,5571
2001/04/25,B,51.5,51.5,50,50,6729
2001/04/25,C,30.8,31.4,30.7,30.8,16090
2001/04/26,A,24.1,24.5,23.9,24.3,11262
2001/04/26,B,50.5,50.5,49.5,49.5,7136
2001/04/26,C,31,31.2,30.6,30.6,9026
2001/04/27,A,24.3,24.4,23.8,23.8,7258
2001/04/27,B,49.5,49.5,47.8,47.8,12245
2001/04/27,C,30.6,30.8,30,30,11745
2001/04/30,A,24,24.2,23.5,24,6319
2001/04/30,B,47.8,48.5,47.3,48.5,7166
2001/04/30,C,30,30.2,29.3,29.3,11978
2001/05/02,A,24.2,24.4,22.4,23,8650
2001/05/02,B,48.5,48.8,47,47.9,6492
2001/05/02,C,29.5,30,27.3,27.9,19961
2001/05/03,A,23.4,23.6,23,23.4,6202
2001/05/03,B,47.9,48.5,47.3,48.4,7594
2001/05/03,C,28.4,29,28,28.9,11833
2001/05/04,A,23.4,24.6,23,23.3,11971
2001/05/04,B,48.4,50.5,47.8,49,18035
2001/05/04,C,29,30.2,28.3,28.4,20477
2001/05/07,A,23.5,24.2,23.2,23.8,7213
2001/05/07,B,49.3,49.3,48.2,49,5502
2001/05/07,C,28.6,28.9,28.3,28.4,10961
2001/05/08,A,23.8,24.2,23.6,23.9,10120
2001/05/08,B,49,49.5,48.3,49.2,5921
2001/05/08,C,28.4,28.7,27.6,28,13375
2001/05/09,A,24.1,24.8,23.9,24.6,8100
2001/05/09,B,49.2,50,48.8,50,4830
2001/05/09,C,28.2,28.7,28,28.4,12114
2001/05/10,A,24.6,24.7,23.8,23.8,5969
2001/05/10,B,50,50.5,49.5,50,3933
2001/05/10,C,28.4,28.5,27.8,28,8497
2001/05/11,A,24.4,25.4,24,25.4,21365
2001/05/11,B,49.5,50.5,48.3,50,10971
2001/05/11,C,28.2,29.1,27.6,28.8,22063
2001/05/14,A,25.2,25.8,25,25.5,12661
2001/05/14,B,49,49.5,48.5,48.7,4153
2001/05/14,C,28.3,28.5,28,28,6837
2001/05/15,A,25.6,25.8,24.9,25.1,8121
2001/05/15,B,48.7,49.1,48,48.6,5409
2001/05/15,C,28.4,28.4,28,28,5576
2001/05/16,A,25.2,26,25,25.5,13537
2001/05/16,B,48,48.3,47.5,48,5176
2001/05/16,C,28,28.3,27.7,27.7,7365
2001/05/17,A,25.8,26,25.3,25.6,9097
2001/05/17,B,47.1,48.2,47.1,48,7843
2001/05/17,C,28.2,28.7,28.1,28.4,15815
2001/05/18,A,25.6,25.7,24.8,24.9,8553
2001/05/18,B,47.5,47.9,45,45.2,21096
2001/05/18,C,28.6,28.7,27.8,27.9,12532
2001/05/21,A,24.6,25,24.1,24.5,6687
2001/05/21,B,45,45,42.7,44.7,12350
2001/05/21,C,27.9,27.9,26,26.4,23080
2001/05/22,A,24.7,25,24.5,24.8,6712
2001/05/22,B,44.2,44.9,43.7,43.7,10664
2001/05/22,C,26.5,26.9,26.4,26.5,16394
2001/05/23,A,24.5,25.3,24.2,25.2,6116
2001/05/23,B,43.5,45.5,43.1,44.6,11455
2001/05/23,C,26.5,28.3,26.4,28.3,26514
2001/05/24,A,25,25.2,24.5,24.9,3973
2001/05/24,B,44.6,45.1,44,44,7344
2001/05/24,C,28.4,28.9,28.2,28.3,21060
2001/05/25,A,24.5,24.7,24.1,24.2,4305
2001/05/25,B,43.6,43.8,42.1,42.1,10310
2001/05/25,C,28.3,28.3,27.5,27.6,10976
2001/05/28,A,24.2,24.2,23.7,23.7,5195
2001/05/28,B,41.6,42.1,41.2,41.3,5267
2001/05/28,C,27.2,27.5,27,27.1,7601
2001/05/29,A,23.7,24.1,22.9,22.9,13134
2001/05/29,B,41.3,42.5,40.5,40.5,12515
2001/05/29,C,27,27.7,27,27.1,7190
2001/05/30,A,22.8,23.2,22.7,22.8,8775
2001/05/30,B,40.4,41.1,39.9,40,16909
2001/05/30,C,27,27.3,26.6,26.6,8218
2001/05/31,A,22.8,24.3,22.8,23.7,14707
2001/05/31,B,40.1,41.2,40.1,40.4,9373
2001/05/31,C,26.6,27.5,26.6,26.8,11580
2001/06/01,A,24.2,24.4,23.8,24.2,10014
2001/06/01,B,40.5,41.7,39.6,41.4,16362
2001/06/01,C,27.1,27.3,26.7,27.3,11562
2001/06/04,A,24.7,25,24.5,24.8,15923
2001/06/04,B,41.1,41.3,40.5,40.7,5682
2001/06/04,C,27.4,27.6,27,27.1,8647
2001/06/05,A,25,25.5,24.7,24.8,13963
2001/06/05,B,40.9,41.6,40.6,41.5,11356
2001/06/05,C,27.3,28.1,27.1,27.8,18687
2001/06/06,A,24.9,25.7,24.7,25.5,22482
2001/06/06,B,41.5,42.6,41,42.3,13194
2001/06/06,C,28.1,29.7,27.9,29.7,44813
2001/06/07,A,25,25.5,24.7,25.3,12086
2001/06/07,B,41,42.1,40.3,42.1,14423
2001/06/07,C,28.1,28.8,27.8,28.1,43467
2001/06/08,A,25,25.3,24,24.2,15965
2001/06/08,B,42,43.3,41.8,42.5,20469
2001/06/08,C,28.4,29.2,28.4,28.6,40550
2001/06/11,A,24,25,24,25,9974
2001/06/11,B,42.1,42.5,41.5,42.5,9970
2001/06/11,C,28.6,28.9,28.4,28.8,13767
2001/06/12,A,25.4,25.5,25.1,25.2,9756
2001/06/12,B,42.5,43,42.1,42.4,11667
2001/06/12,C,29.5,30.3,29.3,29.8,62450
2001/06/13,A,25.3,26,25.1,25.1,13779
2001/06/13,B,42.6,43.3,42.3,43,11578
2001/06/13,C,30,31.3,29.9,30.1,70866
2001/06/14,A,25.2,25.3,24.5,24.6,7723
2001/06/14,B,42.6,42.7,41.6,41.6,6515
2001/06/14,C,30.1,30.5,29.2,29.4,22463
2001/06/15,A,24.6,25.2,24.6,25.2,6323
2001/06/15,B,41.3,41.8,41,41.2,7597
2001/06/15,C,29.1,30,29.1,29.9,20741
2001/06/18,A,25,25.2,24.6,24.8,5232
2001/06/18,B,41.2,41.2,40.6,40.6,2883
2001/06/18,C,29.9,29.9,29.2,29.5,14627
2001/06/19,A,25.2,25.6,25.2,25.4,13717
2001/06/19,B,41.3,41.7,41,41.3,5625
2001/06/19,C,30.1,30.4,29.6,29.6,29801
2001/06/20,A,25.7,26,25.4,25.4,14482
2001/06/20,B,41.4,41.9,40.7,40.8,5692
2001/06/20,C,30.1,30.2,29.7,29.7,17819
2001/06/21,A,25.6,25.8,25.2,25.5,6300
2001/06/21,B,40.8,41.2,40.2,40.2,5710
2001/06/21,C,29.8,30.2,29.2,29.2,22587
2001/06/22,A,25.6,25.6,24.8,25,5413
2001/06/22,B,40.5,40.8,39,39.5,5547
2001/06/22,C,29,29.4,28.2,28.2,28352
2001/06/26,A,25,25.3,24.8,24.9,4687
2001/06/26,B,40,40,38.5,38.6,7056
2001/06/26,C,28.4,28.5,27.5,27.6,18680
2001/06/27,A,25.1,25.5,24.5,24.6,10067
2001/06/27,B,39.5,39.6,38.6,39.1,4689
2001/06/27,C,28,28.7,28,28.2,23565
2001/06/28,A,24.8,24.8,23.8,23.9,9723
2001/06/28,B,39.2,39.7,39,39.6,4981
2001/06/28,C,28.5,28.8,28,28,18710
2001/06/29,A,24.3,24.4,24,24.1,8362
2001/06/29,B,40.3,42,39.9,41.5,13760
2001/06/29,C,28.3,28.7,28.2,28.4,23303
2001/07/02,A,23.9,24.5,23.6,24.3,10181
2001/07/02,B,41.1,41.1,40,40.8,6947
2001/07/02,C,28.3,28.3,27.5,27.9,12793
2001/07/03,A,24.3,24.7,24.2,24.5,4878
2001/07/03,B,40.2,40.5,39.8,40.3,3129
2001/07/03,C,27.9,28,27.5,27.6,6537
2001/07/04,A,24.3,24.3,23.6,23.6,5404
2001/07/04,B,39.7,40,38.8,38.8,4598
2001/07/04,C,27.3,27.4,26.7,26.7,13791
2001/07/05,A,23.5,23.8,23,23,4185
2001/07/05,B,38.8,39.4,38.4,39,3124
2001/07/05,C,26.5,27.2,26.3,26.6,9494
2001/07/06,A,23,23.1,22.6,22.6,10177
2001/07/06,B,39,40.4,39,39.7,4435
2001/07/06,C,26.5,27.3,26.4,26.8,9756
2001/07/09,A,22.5,22.5,21.5,21.7,13768
2001/07/09,B,39.9,40,39.1,39.1,2281
2001/07/09,C,27,27,26.7,26.8,6916
2001/07/10,A,21.5,21.7,20.4,20.4,8707
2001/07/10,B,39.4,39.5,38.8,39,1953
2001/07/10,C,26.9,27.3,26.3,26.3,8559
2001/07/11,A,20,20.2,19.2,19.6,10931
2001/07/11,B,38.8,39,38.3,38.5,5012
2001/07/11,C,26.1,26.2,24.6,24.6,33713
2001/07/12,A,19.7,19.9,19.6,19.7,7178
2001/07/12,B,38.7,39,38.3,38.3,3379
2001/07/12,C,24.3,25,24.2,24.6,21313
2001/07/13,A,19.9,20.2,19.2,19.3,14676
2001/07/13,B,38.9,38.9,35.8,36,9746
2001/07/13,C,25,25.1,23,23.1,25900
2001/07/16,A,19.3,19.3,18,18,10865
2001/07/16,B,36.1,36.5,33.5,33.7,8467
2001/07/16,C,23,23.3,21.5,21.8,33014
2001/07/17,A,17.2,17.5,16.9,17.3,34307
2001/07/17,B,33.3,34.2,33.3,33.9,6339
2001/07/17,C,21.7,22.6,21.7,22.3,24139
2001/07/18,A,17.6,18.2,17.2,17.9,27239
2001/07/18,B,33.9,34,31.6,31.6,10814
2001/07/18,C,22.5,22.6,20.8,20.8,26587
2001/07/19,A,17.5,18.9,17.5,18.6,20123
2001/07/19,B,29.8,31.6,29.5,30.5,13660
2001/07/19,C,20,21.3,20,20.9,30110
2001/07/20,A,18.8,19.7,18.5,18.7,22370
2001/07/20,B,30,32.3,29.8,32,12812
2001/07/20,C,21.1,22,20.7,21.3,24110
2001/07/23,A,18.7,19,18.5,18.8,7117
2001/07/23,B,32,32.2,31.2,31.2,4251
2001/07/23,C,21.5,21.6,21,21.1,13857
2001/07/24,A,18.6,18.8,18,18,9229
2001/07/24,B,30.8,30.9,29.8,29.8,5834
2001/07/24,C,21,21,20.3,20.3,18609
2001/07/25,A,18,18.8,18,18.5,7653
2001/07/25,B,30,30.8,29.8,30.3,6876
2001/07/25,C,20.3,21,20.3,20.8,19279
2001/07/26,A,18.5,19.5,18.3,19.5,12141
2001/07/26,B,30.4,31.4,30.1,31.2,13868
2001/07/26,C,21.1,22.2,20.8,22.2,30257
2001/07/27,A,19.5,19.5,18.8,19,9941
2001/07/27,B,31,31.2,30.2,30.6,10747
2001/07/27,C,22.3,23.2,21.9,22.3,36682
2001/07/31,A,19.5,19.5,18.7,18.7,14954
2001/07/31,B,30,30.3,29.2,29.8,10050
2001/07/31,C,22,22.2,21.6,21.8,12100
2001/08/01,A,19,19.3,18.6,19,12168
2001/08/01,B,30,30.2,29,29.2,9587
2001/08/01,C,22,22.1,20.9,21,19089
2001/08/02,A,19,19.4,18.8,19.2,5093
2001/08/02,B,29.2,30.3,29.2,30.2,17085
2001/08/02,C,21.1,21.8,21.1,21.8,16029
2001/08/03,A,19.3,20.1,19.3,20.1,14692
2001/08/03,B,30.2,32.2,30.2,31.7,24945
2001/08/03,C,22,22.7,21.9,22.2,34222
2001/08/06,A,20.3,20.5,20,20,13880
2001/08/06,B,31.9,32.4,30.7,30.7,13099
2001/08/06,C,22.2,22.7,21.6,21.7,20357
2001/08/07,A,20,20,19.7,19.8,4547
2001/08/07,B,30.7,30.7,30,30.1,6611
2001/08/07,C,21.6,21.7,21.2,21.4,9267
2001/08/08,A,20.2,20.7,19.9,20.7,7543
2001/08/08,B,30.5,32.2,30.3,32.2,17109
2001/08/08,C,21.4,22.5,21.4,22.5,21826
2001/08/09,A,20.5,20.8,20.3,20.5,8318
2001/08/09,B,32.3,33.4,32.3,32.4,35422
2001/08/09,C,22.2,22.7,21.9,21.9,24875
2001/08/10,A,20.4,20.5,19.9,20.5,6705
2001/08/10,B,33.4,34.5,32.1,34.3,26167
2001/08/10,C,22.1,22.5,21.6,22.2,16872
2001/08/13,A,20.7,21.6,20.7,21.3,15965
2001/08/13,B,35.3,36.7,35,36.2,37480
2001/08/13,C,22.5,23.4,22.5,22.9,44353
2001/08/14,A,21.3,21.3,20.7,21.1,7505
2001/08/14,B,36.2,37.5,35.5,37.5,31131
2001/08/14,C,23.3,23.3,22.5,22.8,27436
2001/08/15,A,20.9,21.3,20.8,21.1,6861
2001/08/15,B,37.4,37.8,36.9,37.2,21713
2001/08/15,C,23,23.7,22.7,23.3,42918
2001/08/16,A,21.4,22.5,21.2,22.4,19117
2001/08/16,B,37.4,38.9,37.4,38.7,28805
2001/08/16,C,23.5,24.2,23.4,23.6,41312
2001/08/17,A,22.4,22.4,21.8,22.1,7896
2001/08/17,B,38.7,38.7,37.5,37.8,13783
2001/08/17,C,23.8,23.8,23.1,23.2,21955
2001/08/20,A,21.5,22,21.5,22,6082
2001/08/20,B,36.6,37.4,36.5,36.6,13839
2001/08/20,C,22.6,23,22.4,22.4,24934
2001/08/21,A,21.7,21.9,21.2,21.6,6295
2001/08/21,B,36.6,36.8,35.2,36.7,11985
2001/08/21,C,22.4,22.7,22.2,22.5,11052
2001/08/22,A,21.8,22.3,21.8,22,12430
2001/08/22,B,35.3,37.1,35.3,37,12038
2001/08/22,C,22.6,23.2,22.6,22.8,23662
2001/08/23,A,22.5,22.5,21.8,22.1,7387
2001/08/23,B,36.9,36.9,35.7,36.8,8287
2001/08/23,C,23,23.1,22.4,22.5,9792
2001/08/24,A,21.9,22.1,20.7,21.1,6905
2001/08/24,B,36.5,36.8,35.5,35.5,8576
2001/08/24,C,22.5,22.8,21.8,21.8,18816
2001/08/27,A,21.1,22,21,21.8,12521
2001/08/27,B,35.6,37.3,35.5,37.3,18653
2001/08/27,C,22.1,22.7,22,22.2,17650
2001/08/28,A,21.6,22,21.4,21.7,5415
2001/08/28,B,34.1,34.8,34,34.4,28939
2001/08/28,C,22.4,22.6,22.1,22.1,13223
2001/08/29,A,21.6,23.2,21.6,23.2,25802
2001/08/29,B,34.5,36.8,34.5,36.8,31170
2001/08/29,C,22.1,23.4,22.1,23.4,50366
2001/08/30,A,23,24.3,23,23.1,19850
2001/08/30,B,37.9,39.3,37.8,39.3,57827
2001/08/30,C,23.4,24.3,23.2,23.4,63161
2001/08/31,A,22.8,23.4,22.6,23.1,9069
2001/08/31,B,39.5,41.1,39.3,41.1,81840
2001/08/31,C,23.2,24.1,23,23.8,61357
2001/09/03,A,22.9,23.1,22.3,22.4,11129
2001/09/03,B,41,41.2,40.3,40.4,22087
2001/09/03,C,23.9,24.3,23.5,23.7,39144
2001/09/04,A,22.4,22.4,20.9,21,25189
2001/09/04,B,40,40.1,38.5,39.7,27815
2001/09/04,C,23.6,23.9,23.1,23.2,22132
2001/09/05,A,20.8,21.4,20.7,21.1,12975
2001/09/05,B,39.7,40.8,39.3,39.7,29867
2001/09/05,C,23.2,23.6,22.7,22.8,25156
2001/09/06,A,21.1,21.3,20.1,20.6,10806
2001/09/06,B,39.7,41,39.3,40.8,43774
2001/09/06,C,22.8,23,22.5,22.6,20572
2001/09/07,A,20.2,20.6,19.9,20.3,5799
2001/09/07,B,40.8,41.2,39.8,40.6,22045
2001/09/07,C,22.3,22.5,21.8,22,20647
2001/09/10,A,20.4,21.3,20.1,20.9,6166
2001/09/10,B,39.9,40.4,39,40.3,15077
2001/09/10,C,21.9,22.3,21.6,22.1,9665
2001/09/11,A,21.2,21.2,20.2,20.3,3553
2001/09/11,B,40.3,40.4,39.1,39.3,11412
2001/09/11,C,22.2,22.5,21.8,21.9,16549
2001/09/13,A,18.9,19.5,18.9,18.9,15682
2001/09/13,B,36.6,38.1,36.6,38.1,16748
2001/09/13,C,20.4,20.4,20.4,20.4,16496
2001/09/14,A,20.2,20.2,17.9,18.2,38951
2001/09/14,B,38.5,39,37.4,38.3,36049
2001/09/14,C,20.4,20.8,19,19.1,48345
2001/09/19,A,17.8,19.1,17.6,19,25659
2001/09/19,B,37,38.3,37,38.3,23399
2001/09/19,C,18.5,20.3,18.5,20.3,74255
2001/09/20,A,18.4,18.9,18.4,18.4,9463
2001/09/20,B,37.3,37.7,37,37,9525
2001/09/20,C,19.8,20.3,19.6,19.7,28069
2001/09/21,A,17.8,17.8,17.8,17.8,1570
2001/09/21,B,35.8,36.1,35.8,35.8,5926
2001/09/21,C,19.1,19.3,19.1,19.1,12630
2001/09/24,A,17.2,17.8,16.6,17.3,11271
2001/09/24,B,33.9,35.8,33.3,34.4,15006
2001/09/24,C,18.4,19.4,18.4,19.3,24589
2001/09/25,A,17.6,17.9,16.5,16.9,13470
2001/09/25,B,35,35.2,32,33.5,19843
2001/09/25,C,19.8,20.1,19,19.2,44925
2001/09/26,A,16.5,16.6,15.9,16.3,38442
2001/09/26,B,33,34.5,31.5,34.1,20092
2001/09/26,C,15.8,16.8,15.8,16.8,49220
2001/09/27,A,16.3,16.8,15.9,16.5,19381
2001/09/27,B,33,33.7,32.6,33.6,8356
2001/09/27,C,16.7,16.7,16.4,16.4,13162
2001/09/28,A,16.8,17.6,16.6,17.6,25056
2001/09/28,B,34.1,35.6,33.7,35.6,19653
2001/09/28,C,16.8,17.2,16.7,17,41558
2001/10/02,A,17.4,17.5,17,17.1,27817
2001/10/02,B,35.7,35.8,33.9,35.1,8485
2001/10/02,C,17,17.2,16.5,16.5,21622
2001/10/03,A,17.3,18.2,17.2,18.2,31160
2001/10/03,B,35.1,35.5,34.7,35.3,12972
2001/10/03,C,16.6,17,16.5,16.6,23615
2001/10/04,A,19.4,19.4,19.4,19.4,14339
2001/10/04,B,37.7,37.7,35.8,36.6,27649
2001/10/04,C,17.7,17.7,17,17.1,36801
2001/10/05,A,19.4,19.6,18.8,19.4,21236
2001/10/05,B,36,37.5,35.7,37.5,15230
2001/10/05,C,17.1,17.3,16.8,17.3,21360
2001/10/08,A,19,19.1,18.6,18.9,11054
2001/10/08,B,37,38.3,36.5,38,19738
2001/10/08,C,16.5,17.1,16.5,17,19549
2001/10/09,A,18.8,19,18.4,18.8,11837
2001/10/09,B,38,38.2,37.5,38,14168
2001/10/09,C,17.1,17.4,16.9,17.2,19687
2001/10/11,A,19.1,19.8,18.5,18.8,26789
2001/10/11,B,38.4,40.1,38.2,39.3,25409
2001/10/11,C,17.6,18.2,17.6,18,35606
2001/10/12,A,17.5,17.8,17.5,17.5,65266
2001/10/12,B,39.3,39.3,36.6,38.6,22397
2001/10/12,C,18.2,18.3,17.3,17.4,29373
2001/10/15,A,16.3,17,16.3,16.9,67788
2001/10/15,B,36.8,37.4,36.7,36.8,9118
2001/10/15,C,17.2,17.3,17,17.2,11443
2001/10/16,A,16.6,17.2,16.6,17.2,36177
2001/10/16,B,36.5,37,36.5,36.9,8897
2001/10/16,C,17.3,17.5,17.2,17.4,10488
2001/10/17,A,17.2,17.2,16.7,17,28810
2001/10/17,B,36.8,37.5,36.3,36.6,11827
2001/10/17,C,17.4,17.6,17.2,17.4,15220
2001/10/18,A,17,17.3,16.8,16.9,17124
2001/10/18,B,36.6,37.4,36.3,36.3,16517
2001/10/18,C,17.4,17.6,17.3,17.3,15754
2001/10/19,A,16.9,17.6,16.6,17.5,26912
2001/10/19,B,36.5,38,36.1,37.8,18850
2001/10/19,C,17.2,17.6,17.2,17.4,13548
2001/10/22,A,17.8,18.1,17.6,18.1,20968
2001/10/22,B,37.8,38.9,37.6,38.8,14372
2001/10/22,C,17.5,18.5,17.5,18.5,40808
2001/10/23,A,18.3,18.4,17.4,17.7,19351
2001/10/23,B,39.1,39.8,38.5,39.3,19188
2001/10/23,C,18.9,18.9,18.2,18.5,44734
2001/10/24,A,17.5,17.7,17.2,17.7,14576
2001/10/24,B,39.3,40,38.8,40,19752
2001/10/24,C,18.5,19,18.2,19,31380
2001/10/25,A,17.7,18,17.5,17.8,14373
2001/10/25,B,39.8,40.3,39.6,39.8,12969
2001/10/25,C,18.9,19.3,18.6,18.6,26275
2001/10/26,A,17.9,18.3,17.8,18,20381
2001/10/26,B,40,41.5,39.4,41.4,34175
2001/10/26,C,18.6,19.2,18.5,18.6,41403
2001/10/29,A,18,18.2,17.8,17.8,11389
2001/10/29,B,41.4,42.3,41.1,42.1,25110
2001/10/29,C,18.8,19,18.6,18.6,20717
2001/10/30,A,17.5,17.6,17,17.5,15195
2001/10/30,B,40.2,40.6,39.2,40.3,28224
2001/10/30,C,18.3,18.4,17.9,18,23967
2001/10/31,A,17.2,17.5,17,17.5,9077
2001/10/31,B,39.6,40,38.6,39.8,16844
2001/10/31,C,18,18.4,18,18.1,16025
2001/11/01,A,17.5,17.5,17,17.5,10911
2001/11/01,B,39.5,39.8,38.8,39.4,13490
2001/11/01,C,18.3,18.5,18.2,18.4,18194
2001/11/02,A,17.5,17.6,17.1,17.2,16206
2001/11/02,B,39.4,39.8,38.8,39.3,13873
2001/11/02,C,18.6,18.9,18.5,18.6,27172
2001/11/05,A,17,17.1,16.5,16.8,26370
2001/11/05,B,38.9,40,37,40,38780
2001/11/05,C,18.7,18.7,18,18.5,24840
2001/11/06,A,17,17.3,16.8,16.9,26643
2001/11/06,B,40,40.3,39.3,40,17766
2001/11/06,C,18.5,19,18.3,18.4,32667
2001/11/07,A,17,17.2,16.9,17,17479
2001/11/07,B,40.3,40.4,39.6,40.1,11732
2001/11/07,C,18.5,18.8,18.4,18.4,22761
2001/11/08,A,17.1,17.2,16.6,16.6,13425
2001/11/08,B,40.1,40.1,39.1,39.4,8461
2001/11/08,C,18.6,18.7,18.3,18.3,20974
2001/11/09,A,16.6,16.8,16.5,16.5,11355
2001/11/09,B,38.8,39,38.5,39,6966
2001/11/09,C,18.2,18.3,18,18,21671
2001/11/12,A,16.5,16.8,16.3,16.6,12476
2001/11/12,B,38.7,38.7,38,38,7141
2001/11/12,C,18,18.1,17.5,17.7,22608
2001/11/13,A,16.6,16.9,16.5,16.6,14546
2001/11/13,B,37.5,38.4,37.5,37.7,7542
2001/11/13,C,17.5,18,17.5,17.6,23686
2001/11/14,A,16.9,17.3,16.8,17.1,25578
2001/11/14,B,38.4,38.9,38,38.5,8670
2001/11/14,C,18,18.4,17.8,18.2,44656
2001/11/15,A,17.3,17.8,17.2,17.7,39676
2001/11/15,B,38.5,39.5,38.3,38.7,11572
2001/11/15,C,18.3,18.7,18.2,18.5,34494
2001/11/16,A,18.2,18.5,17.9,18.2,47619
2001/11/16,B,39,39.8,38.8,38.8,15857
2001/11/16,C,18.8,19.1,18.5,18.6,57604
2001/11/19,A,18.5,18.5,17.4,17.5,30736
2001/11/19,B,39.4,39.5,38.8,39,10934
2001/11/19,C,18.9,19.3,18.8,19,56833
2001/11/20,A,17.9,18.4,17.7,17.8,39637
2001/11/20,B,39.4,41.7,39.4,41.7,55823
2001/11/20,C,19.4,20.3,19.4,19.7,132945
2001/11/21,A,18,18.2,17.8,17.9,16668
2001/11/21,B,42.1,42.5,40.8,41.5,29948
2001/11/21,C,19.8,19.9,19.3,19.3,45220
2001/11/22,A,18.5,18.7,17.9,17.9,32933
2001/11/22,B,43,44.4,42.7,42.9,52506
2001/11/22,C,19.9,20.2,19.2,19.2,73245
2001/11/23,A,18.1,18.2,17.9,18,14258
2001/11/23,B,43.4,44.3,42.7,44,32809
2001/11/23,C,19.3,19.6,19.2,19.4,31727
2001/11/26,A,18.2,18.4,18,18.1,17239
2001/11/26,B,44.6,46.4,44.6,45.4,31165
2001/11/26,C,19.9,20.5,19.8,20.2,99761
2001/11/27,A,18.4,18.4,17.6,17.6,23318
2001/11/27,B,46.6,46.6,44,44.2,28022
2001/11/27,C,20.5,20.7,19.5,19.8,88754
2001/11/28,A,17.5,17.8,17.1,17.3,16101
2001/11/28,B,44.2,44.7,41.5,41.5,18498
2001/11/28,C,19.8,20.1,18.8,18.8,52253
2001/11/29,A,17.3,17.9,17.1,17.9,20336
2001/11/29,B,41.7,43.1,41.7,43.1,23500
2001/11/29,C,18.8,19.3,18.5,19.3,60994
2001/11/30,A,17.5,17.8,17.2,17.5,21123
2001/11/30,B,43.4,43.4,41.9,42,16957
2001/11/30,C,19.3,19.3,18.4,18.4,33130
2001/12/03,A,17.7,17.9,17.5,17.6,13680
2001/12/03,B,42.8,44.9,42.7,44.9,25413
2001/12/03,C,18.9,19.2,18.7,19.1,36540
2001/12/04,A,17.9,18.3,17.7,18.3,27943
2001/12/04,B,48,48,47.1,48,34889
2001/12/04,C,19.1,20.3,18.8,20.3,98759
2001/12/05,A,18.5,19.2,18.3,18.6,51815
2001/12/05,B,50.5,51,49.6,51,45763
2001/12/05,C,20.4,21.1,19.9,20.2,181882
2001/12/06,A,19,19.9,18.8,19.9,66706
2001/12/06,B,53,54.5,53,54.5,26129
2001/12/06,C,20.9,21.6,20.7,21.6,207583
2001/12/07,A,21,21.2,20.5,21.2,69475
2001/12/07,B,55,58,54.5,58,32074
2001/12/07,C,22.1,23.1,22,22.9,179690
2001/12/10,A,21.4,22.2,21.1,21.3,54462
2001/12/10,B,59,60.5,55,60,31869
2001/12/10,C,23.3,24,22.5,22.9,135684
2001/12/11,A,21.1,21.1,19.9,19.9,33988
2001/12/11,B,58,58,56,58,30453
2001/12/11,C,22.1,22.8,21.3,21.5,83702
2001/12/12,A,19.9,21,19.8,20.6,44372
2001/12/12,B,58,60,57,60,27795
2001/12/12,C,22.1,22.9,21.7,22.9,84905
2001/12/13,A,20.9,21.4,20.1,20.9,72471
2001/12/13,B,60,60.5,56,60,26587
2001/12/13,C,22.7,22.8,21.3,22.3,107083
2001/12/14,A,20.9,22.3,20.9,22.3,91076
2001/12/14,B,57,59,56.5,59,16517
2001/12/14,C,21.6,22.7,21.6,22.7,78207
2001/12/17,A,22.9,23.8,22.9,23.8,87220
2001/12/17,B,59,60,57.5,60,24000
2001/12/17,C,23,24.1,23,24,142931
2001/12/18,A,24.2,24.2,22.5,22.8,61141
2001/12/18,B,60,60,57,59.5,35681
2001/12/19,A,23.3,23.3,21.3,21.3,41383
2001/12/20,A,20.8,21.3,20,20.9,34637
2001/12/21,A,20.6,21.2,20,20,30550
2001/12/24,A,20.5,20.8,20.1,20.1,36107
2001/12/25,A,20.3,21,20.3,20.9,22538
2001/12/26,A,21,21.3,20.4,20.4,25288
2001/12/27,A,20.8,21.3,20.6,21.2,38140
2001/12/28,A,21.2,21.2,20.5,20.5,25400
2001/12/28,C,23.8,23.8,22.4,22.7,95589
2001/12/31,A,20.8,21.4,20.8,21,24391
2001/12/31,B,55.5,59.5,55.5,57,13803
2001/12/31,C,22.7,23.8,22.7,23.5,67696
