日期,名稱,開盤價,高點,低點,收盤價,成交量
1999/01/05,A,20,20,18.8,18.8,9246
1999/01/05,B,103,103,100,100,7801
1999/01/05,C,59,59,56,56,13371
1999/01/06,A,18.2,19.5,18,19,9380
1999/01/06,B,100,103.5,97.5,101,7713
1999/01/06,C,56,58,54,57,19101
1999/01/07,A,19.5,19.8,19,19.7,8225
1999/01/07,B,103,104,101,103,6770
1999/01/07,C,58,59,56.5,58,13602
1999/01/08,A,19.7,19.8,19.2,19.3,7139
1999/01/08,B,102.5,107,101,107,11940
1999/01/08,C,58,59,57,57.5,13368
1999/01/11,A,19.3,19.5,18.9,18.9,5012
1999/01/11,B,105.5,105.5,103,103,6901
1999/01/11,C,58,58.5,56.5,57,8497
1999/01/12,A,18.9,19.4,18.8,18.8,4134
1999/01/12,B,103,105,102,102,5443
1999/01/12,C,57,57.5,56,56,9295
1999/01/13,A,18.8,19,18.6,18.7,3444
1999/01/13,B,102,103,101,101.5,4306
1999/01/13,C,56,56,55,55.5,9917
1999/01/14,A,18.5,18.9,18.5,18.7,4244
1999/01/14,B,101,102,100.5,100.5,5530
1999/01/14,C,55,56,55,55.5,8667
1999/01/15,A,18.6,20,18.6,20,13114
1999/01/15,B,100,107,100,105.5,14648
1999/01/15,C,55,58.5,55,58.5,16816
1999/01/16,A,20.4,21,20.2,20.6,19362
1999/01/16,B,105.5,108,105,105,14667
1999/01/16,C,59,60,58,58,20780
1999/01/18,A,20.6,20.6,20,20,7083
1999/01/18,B,105,105,102,102,5255
1999/01/18,C,58,58,56.5,56.5,6453
1999/01/19,A,20,20.5,19.8,19.9,6488
1999/01/19,B,102,104,102,104,4137
1999/01/19,C,56,57.5,56,56.5,6087
1999/01/20,A,20,20.1,19.6,19.6,3398
1999/01/20,B,104,104,102,103,3258
1999/01/20,C,56.5,57,56,56.5,4726
1999/01/21,A,19.6,20.3,19.6,19.8,7866
1999/01/21,B,103,105,103,103.5,6437
1999/01/21,C,56.5,58,56.5,56.5,7135
1999/01/22,A,19.9,20.2,19.7,19.7,5394
1999/01/22,B,104,104,102,102,4996
1999/01/22,C,56.5,57,56,56.5,6910
1999/01/25,A,19.4,19.5,18.9,19,4803
1999/01/25,B,101,102,100,100.5,6107
1999/01/25,C,56,56.5,55,55,9991
1999/01/26,A,19.1,19.7,19,19.7,3724
1999/01/26,B,100.5,102,100,101.5,3972
1999/01/26,C,55,56,55,55.5,7483
1999/01/27,A,19.7,19.8,19.3,19.3,3430
1999/01/27,B,102.5,102.5,101,101.5,3620
1999/01/27,C,56,56.5,55,55,7130
1999/01/28,A,19.1,19.4,19,19,3973
1999/01/28,B,101,102,100.5,100.5,2431
1999/01/28,C,55,55.5,54,54,10182
1999/01/29,A,19,19.2,18.7,18.8,4703
1999/01/29,B,100.5,101.5,100,100,4135
1999/01/29,C,54,54.5,52.5,52.5,13772
1999/01/30,A,18.8,19.1,18.7,18.8,2753
1999/01/30,B,100,102,100,100.5,4152
1999/01/30,C,52,53.5,51.5,53,9384
1999/02/01,A,18.6,18.9,18.5,18.5,3864
1999/02/01,B,100.5,100.5,98,98.5,6228
1999/02/01,C,52,52.5,50.5,50.5,9103
1999/02/02,A,18.5,18.8,18.1,18.4,5149
1999/02/02,B,98.5,99.5,97,97.5,6783
1999/02/02,C,50.5,51,48,48.3,21731
1999/02/03,A,18.1,18.4,17.4,17.6,8007
1999/02/03,B,96,97.5,94.5,95.5,8544
1999/02/03,C,46.3,48,46.3,47.1,19015
1999/02/04,A,17.2,17.2,16.4,16.4,12637
1999/02/04,B,95.5,96.5,92,92.5,9598
1999/02/04,C,47.1,47.5,43.9,44.1,24927
1999/02/05,A,15.3,16.2,15.3,15.3,23500
1999/02/05,B,92.5,94,91,91,9238
1999/02/05,C,43.8,46,43.8,44.3,22612
1999/02/06,A,15.8,16.3,15.8,16.3,15424
1999/02/06,B,91.5,95,91.5,94,8522
1999/02/06,C,45,47.4,45,47.4,21976
1999/02/08,A,17.2,17.4,17,17.4,25114
1999/02/08,B,96,97,94.5,95.5,7789
1999/02/08,C,49,50.5,48.7,50.5,33936
1999/02/09,A,17.4,17.6,17.1,17.6,12487
1999/02/09,B,95.5,95.5,94,94,4684
1999/02/09,C,50,50,49,49.1,16518
1999/02/10,A,17.5,18.8,17.3,18.7,29489
1999/02/10,B,94,96.5,93.5,95.5,6812
1999/02/10,C,48.7,50.5,48.6,49.9,22501
1999/02/20,A,20,20,20,20,12259
1999/02/20,B,102,102,100.5,102,9900
1999/02/20,C,53,53,52,53,24279
1999/02/22,A,21.4,21.4,21.4,21.4,9956
1999/02/22,B,109,109,109,109,16981
1999/02/22,C,54,56.5,54,56.5,40486
1999/02/23,A,22.8,22.8,21.6,21.9,81067
1999/02/23,B,113,113,107.5,109.5,44523
1999/02/23,C,57,57,53.5,53.5,45489
1999/02/24,A,21.9,22.7,21.6,22,60472
1999/02/24,B,111,113,109,112,26214
1999/02/24,C,53,54.5,52.5,54,27082
1999/02/25,A,22.6,23.5,22.3,23.5,84818
1999/02/25,B,112,113,109,109.5,16129
1999/02/25,C,54.5,55,53.5,54,17553
1999/02/26,A,23.4,23.5,22.6,23.3,32721
1999/02/26,B,109,109.5,108,109.5,7311
1999/02/26,C,54,54,53,53.5,8935
1999/03/01,A,23.1,23.1,22.3,22.5,23941
1999/03/01,B,109.5,109.5,108,108,5760
1999/03/01,C,54,54,53,53.5,8804
1999/03/02,A,22.8,23.1,22.3,22.7,25860
1999/03/02,B,108,110,106.5,107,7933
1999/03/02,C,54,54.5,53,53,8231
1999/03/03,A,22.7,24.2,22.7,24.2,66022
1999/03/03,B,107,112,106.5,109.5,15903
1999/03/03,C,53,55.5,53,54.5,18348
1999/03/04,A,25,25.3,24.5,24.6,113639
1999/03/04,B,111,111,107.5,107.5,8218
1999/03/04,C,54.5,55,53.5,53.5,10847
1999/03/05,A,24.7,25.2,23.7,25.2,65629
1999/03/05,B,108,109.5,107,107.5,7518
1999/03/05,C,53.5,54,53,53,8702
1999/03/06,A,25.6,26,25.1,25.3,81091
1999/03/06,B,109.5,110.5,108,108,11197
1999/03/06,C,54,54.5,53.5,54,9401
1999/03/08,A,25.1,25.3,24.7,24.9,26121
1999/03/08,B,109,109,108,109,4694
1999/03/08,C,54,54.5,53.5,54,4432
1999/03/09,A,24.5,25.6,24.4,24.9,56637
1999/03/09,B,109.5,110,109,109,8677
1999/03/09,C,54,54.5,53.5,53.5,10649
1999/03/10,A,25,25.3,24.8,25.1,40611
1999/03/10,B,109,109,107,107.5,8224
1999/03/10,C,53.5,54,53,53.5,6180
1999/03/11,A,25.1,25.2,24.3,24.4,31669
1999/03/11,B,107.5,108,106,106,8468
1999/03/11,C,53.5,54,53,53,5307
1999/03/12,A,24.5,25.1,24.5,25,32168
1999/03/12,B,106,107,105,106,6779
1999/03/12,C,53,55,53,55,26864
1999/03/15,A,24.8,25.3,24.5,25.3,33157
1999/03/15,B,106,107,104.5,107,8783
1999/03/15,C,56,58,55.5,58,43738
1999/03/16,A,25.3,25.3,24.4,24.4,27270
1999/03/16,B,107.5,111,107,108.5,18036
1999/03/16,C,58.5,59.5,57,57,37752
1999/03/17,A,24.4,25,24.4,24.7,25986
1999/03/17,B,109,110,107,108,12990
1999/03/17,C,57,58.5,57,57,22939
1999/03/18,A,25,26,24.6,26,40843
1999/03/18,B,108,109,107,107.5,9443
1999/03/18,C,57.5,58.5,57,58.5,23133
1999/03/19,A,26.2,27,25.7,25.8,93948
1999/03/19,B,109,112,109,109.5,25971
1999/03/19,C,59,59.5,58.5,58.5,22235
1999/03/20,A,25.8,26.1,25.1,25.6,36570
1999/03/20,B,110.5,112,109.5,109.5,17310
1999/03/20,C,59,59.5,58.5,58.5,19372
1999/03/22,A,25.5,25.5,25.1,25.2,15762
1999/03/22,B,110.5,111.5,110,110.5,9977
1999/03/22,C,59,59,58,58.5,10171
1999/03/23,A,25.2,25.6,24.5,24.5,28574
1999/03/23,B,111.5,112.5,108,108,12975
1999/03/23,C,59,59,57.5,58,20148
1999/03/24,A,24.2,24.6,24.1,24.3,22317
1999/03/24,B,107,107.5,106,106,9609
1999/03/24,C,57,57.5,56,56,15971
1999/03/25,A,24.2,24.8,24.1,24.2,19251
1999/03/25,B,106,107,106,107,4397
1999/03/25,C,56.5,57,56,57,8789
1999/03/26,A,24.5,24.8,24.5,24.6,22972
1999/03/26,B,107.5,108,106.5,106.5,5709
1999/03/26,C,57.5,58,57,57,10137
1999/03/29,A,24.6,24.7,24.2,24.2,11943
1999/03/29,B,107,108,106,106.5,6334
1999/03/29,C,57,57.5,56,56,10688
1999/03/30,A,24.5,24.7,24.2,24.3,16895
1999/03/30,B,107.5,107.5,106,106.5,4534
1999/03/30,C,56.5,57,56,56.5,8784
1999/03/31,A,24.4,25.1,24.4,24.6,35257
1999/03/31,B,107,107.5,106.5,107,3780
1999/03/31,C,56.5,57,56,56,5408
1999/04/01,A,24.6,25.2,24.5,25.2,27520
1999/04/01,B,107,108.5,107,108,6946
1999/04/01,C,56,57,56,57,8316
1999/04/02,A,25.6,26.9,25.6,26.9,97960
1999/04/02,B,109.5,113,109,112.5,26115
1999/04/02,C,57.5,59,57.5,59,31260
1999/04/03,A,27.4,27.6,26.9,26.9,93003
1999/04/03,B,115,115,111.5,111.5,29805
1999/04/03,C,59.5,59.5,58,58.5,16968
1999/04/06,A,27.1,27.1,26.3,26.4,23635
1999/04/06,B,113,113,111,111.5,7889
1999/04/06,C,58.5,58.5,58,58,10337
1999/04/07,A,26.6,27,26.5,26.5,25582
1999/04/07,B,112,113,111,111.5,5774
1999/04/07,C,58.5,59,58,58,8066
1999/04/08,A,26.8,27.2,26.6,26.7,30031
1999/04/08,B,112,114,112,112.5,14350
1999/04/08,C,58.5,59.5,58,59,18018
1999/04/09,A,27.2,27.5,26.4,26.4,37119
1999/04/09,B,113.5,115,111.5,111.5,11804
1999/04/09,C,59.5,62,59.5,60.5,54527
1999/04/12,A,26.5,26.6,25.5,25.7,26663
1999/04/12,B,111.5,111.5,109,109.5,9709
1999/04/12,C,60.5,61,60,61,22335
1999/04/13,A,26.1,26.3,25.5,25.7,18698
1999/04/13,B,110,111,110,110,5402
1999/04/13,C,61.5,63,61.5,63,46147
1999/04/14,A,26,27,26,26.8,40564
1999/04/14,B,111.5,114,110,113.5,17291
1999/04/14,C,63.5,64.5,63.5,63.5,40565
1999/04/15,A,27.1,28.6,26.5,28.6,104689
1999/04/15,B,114,115,112,114.5,18691
1999/04/15,C,64,64,62,63,28245
1999/04/16,A,29.6,29.8,28.5,29.4,152051
1999/04/16,B,119.5,122,117.5,122,76543
1999/04/16,C,64,64.5,62.5,63.5,31206
1999/04/17,A,29.4,29.7,28.4,29.7,57165
1999/04/17,B,122,123,119,122,33707
1999/04/17,C,63.5,64,63,64,18398
1999/04/19,A,29.7,30,28.8,28.8,57802
1999/04/19,B,123,126,120.5,121,36419
1999/04/19,C,64.5,65.5,64,64.5,36756
1999/04/20,A,28.8,30,28.5,29.6,87370
1999/04/20,B,121,124,120.5,122.5,25837
1999/04/20,C,64,64.5,63,63.5,16808
1999/04/21,A,29.9,30,28,28.5,73083
1999/04/21,B,124,127,123,123.5,50896
1999/04/21,C,63.5,64,61.5,61.5,21759
1999/04/22,A,29,29.5,28.7,28.9,59357
1999/04/22,B,126,128,125,127.5,42493
1999/04/22,C,62,62.5,61.5,61.5,13943
1999/04/23,A,28.9,29.4,28.5,28.9,38921
1999/04/23,B,128.5,128.5,126,126.5,27005
1999/04/23,C,62.5,63,62,62.5,11714
1999/04/26,A,28.9,28.9,28.1,28.2,21552
1999/04/26,B,127,127,124.5,124.5,14331
1999/04/26,C,62.5,62.5,61.5,62,10023
1999/04/27,A,28,28.8,27.8,28.5,35202
1999/04/27,B,124,124,121,121,18267
1999/04/27,C,62,62.5,61.5,62,10021
1999/04/28,A,28.7,29,28.3,28.4,29104
1999/04/28,B,121,122.5,120,120.5,12627
1999/04/28,C,62,62.5,61,61,8713
1999/04/29,A,28.4,28.7,27.8,27.8,20479
1999/04/29,B,120,120,116,117,16619
1999/04/29,C,60.5,61,59.5,60,16841
1999/04/30,A,27.9,28.8,27.5,28.6,31863
1999/04/30,B,116,118,115.5,117,10512
1999/04/30,C,59.5,61,59,60,12981
1999/05/03,A,29,29.5,28.8,28.9,37713
1999/05/03,B,118,119,117,118.5,7715
1999/05/03,C,60,61,60,60.5,8498
1999/05/04,A,29.3,30.8,29.1,30.8,94263
1999/05/04,B,119.5,122,119.5,122,14436
1999/05/04,C,61,64.5,61,64.5,45406
1999/05/05,A,30.7,30.9,30,30.2,55796
1999/05/05,B,122,122,120,120,8918
1999/05/05,C,64.5,66,64,65,55973
1999/05/06,A,30.5,30.6,29.5,29.6,41068
1999/05/06,B,121,121,118.5,119,9645
1999/05/06,C,65.5,66,64,64.5,29557
1999/05/07,A,29.6,30.3,29.2,29.3,29962
1999/05/07,B,119,120,118,118,6586
1999/05/07,C,64.5,65,63,63,22298
1999/05/10,A,29.3,29.5,28.8,29.4,17685
1999/05/10,B,117.5,121.5,117,121.5,5492
1999/05/10,C,63,65,62.5,65,18100
1999/05/11,A,29.9,30.5,29.3,29.3,47320
1999/05/11,B,121.5,123,119,119.5,12730
1999/05/11,C,65.5,67.5,65,65,62139
1999/05/12,A,29.7,29.9,29.4,29.9,28108
1999/05/12,B,120,120,118,118,6840
1999/05/12,C,66,66,64.5,65,31554
1999/05/13,A,30,30.4,29.7,29.8,38135
1999/05/13,B,118,120,117.5,118,6436
1999/05/13,C,65,66,64.5,65,25379
1999/05/14,A,30.4,31.7,30.4,31.4,94343
1999/05/14,B,119,122,119,122,12318
1999/05/14,C,65,67,65,67,45186
1999/05/15,A,31,31.3,30.6,30.8,39238
1999/05/15,B,121,122,120.5,121,8461
1999/05/15,C,66,66.5,65.5,65.5,17101
1999/05/17,A,31,31.9,30.9,31.1,67695
1999/05/17,B,123,125,121.5,121.5,17524
1999/05/17,C,66,66.5,65.5,65.5,22029
1999/05/18,A,31.9,32.2,31.2,32.2,80852
1999/05/18,B,122,122.5,119.5,120,8882
1999/05/18,C,65.5,66,64.5,65.5,17442
1999/05/19,A,32.8,33,32.2,32.5,66126
1999/05/19,B,120.5,122,119.5,120.5,9769
1999/05/19,C,65.5,68.5,65.5,68,76898
1999/05/20,A,33,33,31.7,31.7,38652
1999/05/20,B,122,122,119.5,119.5,6741
1999/05/20,C,68.5,69,66,66.5,35723
1999/05/21,A,32.2,32.4,31.7,32.2,28531
1999/05/21,B,120,120.5,119,119,5666
1999/05/21,C,66.5,67,65.5,66,17952
1999/05/24,A,32.6,33.2,32.3,32.8,43805
1999/05/24,B,119,119.5,117.5,118,7852
1999/05/24,C,66,66.5,65,65,16889
1999/05/25,A,32.5,32.5,31.1,31.1,38913
1999/05/25,B,117,118,115,115,10984
1999/05/25,C,65,66,64.5,65,26876
1999/05/26,A,31,32,30.8,32,30710
1999/05/26,B,114,116.5,114,115,6739
1999/05/26,C,64.5,66,64.5,65,17532
1999/05/27,A,32.2,32.2,31.5,31.5,19766
1999/05/27,B,115.5,116,114,114,7763
1999/05/27,C,65.5,65.5,64.5,64.5,17444
1999/05/28,A,31.2,31.3,30.8,30.9,21510
1999/05/28,B,113.5,114,112,112,8751
1999/05/28,C,64.5,64.5,63.5,63.5,16127
1999/05/29,A,31.7,32.1,31,31.3,31228
1999/05/29,B,114,114,113,113,5101
1999/05/29,C,64,65,63.5,63.5,14439
1999/05/31,A,31.5,31.5,30.8,31.2,16215
1999/05/31,B,113,113.5,110,110.5,6920
1999/05/31,C,64,64,62.5,63,15021
1999/06/01,A,31.5,31.7,31.4,31.7,13464
1999/06/01,B,110,112,110,112,3784
1999/06/01,C,63,63.5,62.5,63,7156
1999/06/02,A,31.9,32.5,31.8,31.9,43802
1999/06/02,B,112.5,113,111.5,111.5,7681
1999/06/02,C,63.5,64.5,63.5,64,9796
1999/06/03,A,32.1,33,31.5,32.3,60481
1999/06/03,B,111.5,114,110.5,113.5,10246
1999/06/03,C,64.5,66,64.5,65,24508
1999/06/04,A,32.7,32.7,32,32,26447
1999/06/04,B,113.5,114,111,111.5,6187
1999/06/04,C,65.5,66,64,64,13466
1999/06/05,A,32.5,33.3,32.2,32.5,47972
1999/06/05,B,112,113,111.5,112,4975
1999/06/05,C,64,65.5,64,64.5,14020
1999/06/07,A,32.8,34.5,32.8,34.5,91077
1999/06/07,B,112.5,115,112,115,9481
1999/06/07,C,65,66.5,64.5,66.5,33933
1999/06/08,A,35.2,35.2,34.1,34.5,70605
1999/06/08,B,116,116.5,112.5,113,8494
1999/06/08,C,67,67.5,65.5,65.5,25007
1999/06/09,A,34.9,36.1,34.9,36,88023
1999/06/09,B,113,114.5,112,112.5,7149
1999/06/09,C,66,66.5,65.5,65.5,26023
1999/06/10,A,36.3,38.1,36.3,37.6,112078
1999/06/10,B,113,116,113,115,14699
1999/06/10,C,66.5,68.5,66.5,67,70180
1999/06/11,A,38,38.5,37.2,37.7,79908
1999/06/11,B,116,119,115,119,21063
1999/06/11,C,67.5,68,67,68,33419
1999/06/14,A,38,38,37.2,37.2,32145
1999/06/14,B,119,119,116,116.5,8112
1999/06/14,C,68.5,68.5,67,67,20407
1999/06/15,A,37.8,38.3,37.3,37.8,56319
1999/06/15,B,116,117,114,114.5,7440
1999/06/15,C,67.5,69,67,67.5,43933
1999/06/16,A,38,38.9,37.3,38.9,42384
1999/06/16,B,114.5,115,112.5,113.5,12436
1999/06/16,C,67.5,70,67,70,56723
1999/06/17,A,39.4,40.7,38.5,40.4,91003
1999/06/17,B,115,116.5,113.5,116,16691
1999/06/17,C,72,74.5,71.5,74.5,152166
1999/06/21,A,40.4,40.8,39.5,39.8,66852
1999/06/21,B,117,120.5,116.5,120,34671
1999/06/21,C,76,79.5,75.5,79.5,140156
1999/06/22,A,40.2,41.3,39.8,41,59452
1999/06/22,B,121.5,122,118.5,120.5,20755
1999/06/22,C,81,81.5,78,80,101047
1999/06/23,A,42,43,41,41,83370
1999/06/23,B,122,124,119,119,27308
1999/06/23,C,80,83,78.5,78.5,78191
1999/06/24,A,39.1,41.3,39.1,39.1,58280
1999/06/24,B,117,117.5,114,114.5,12669
1999/06/24,C,78,79.5,75.5,76,77171
1999/06/25,A,39.1,41.3,39.1,39.1,58240
1999/06/25,B,117,117.5,114,114.5,12618
1999/06/25,C,78,79.5,75.5,76,77008
1999/06/28,A,39.1,39.6,38.5,38.9,29992
1999/06/28,B,116,116.5,115,116,8345
1999/06/28,C,76.5,78,76,78,39482
1999/06/29,A,39.8,40.5,39.5,40.1,42077
1999/06/29,B,116.5,118,116.5,117.5,8891
1999/06/29,C,80,81.5,79.5,81.5,65611
1999/06/30,A,40.2,40.2,38.8,38.8,34357
1999/06/30,B,119,119,115.5,116,9824
1999/06/30,C,82.5,82.5,80,80.5,46325
1999/07/02,A,39.3,39.6,38.2,38.8,40296
1999/07/02,B,116,118,115,116,9309
1999/07/02,C,80.5,84,80,82,76562
1999/07/03,A,39,40,38.8,38.8,24949
1999/07/03,B,116.5,120,116,117,14387
1999/07/03,C,82.5,85,82,82.5,63157
1999/07/05,A,39,39.6,38.8,38.8,17126
1999/07/05,B,117,118,116.5,117,7764
1999/07/05,C,83.5,84,82,82,27157
1999/07/06,A,38.8,39,37.7,37.8,27357
1999/07/06,B,117,117.5,115,115,6594
1999/07/06,C,82,82.5,80,80,32865
1999/07/07,A,38,38.6,37,38.3,22136
1999/07/07,B,115.5,116,115,115,5015
1999/07/07,C,80,80.5,78.5,79.5,24928
1999/07/08,A,38.9,39.4,38.7,38.9,19670
1999/07/08,B,116,118,115.5,116,6875
1999/07/08,C,80,82,79.5,81.5,31051
1999/07/09,A,38.5,38.9,38,38.1,13991
1999/07/09,B,117,118,116.5,117.5,8255
1999/07/09,C,82,82.5,80,80,22021
1999/07/12,A,38.2,38.3,37,37,17367
1999/07/12,B,118,118,115.5,115.5,6196
1999/07/12,C,80,81,79.5,80,22339
1999/07/13,A,36.5,36.5,34.6,35.6,35438
1999/07/13,B,115,115,113,113,10452
1999/07/13,C,80,80.5,78,78,48576
1999/07/14,A,30.8,32.4,30.5,30.7,62515
1999/07/14,B,112.5,114,108,108,17954
1999/07/14,C,77,78.5,73,74,67587
1999/07/15,A,31.9,31.9,31.1,31.8,33017
1999/07/15,B,96,98,95.5,98,13905
1999/07/15,C,74,75,72,74,40416
1999/07/16,A,31.8,31.8,29.6,29.6,27092
1999/07/16,B,98,98.5,91.5,91.5,18891
1999/07/16,C,75,75.5,69,69,39494
1999/07/17,A,27.6,29,27.6,28.4,33661
1999/07/17,B,88,91.5,88,91,13819
1999/07/17,C,64.5,68.5,64.5,66.5,51496
1999/07/19,A,28.5,29,27.7,28.7,23449
1999/07/19,B,91,93,90,91.5,8614
1999/07/19,C,67,69,66,68.5,37470
1999/07/20,A,30,30.7,29.5,30.7,24443
1999/07/20,B,93,96.5,92,95.5,10948
1999/07/20,C,71.5,73,71,73,27865
1999/07/21,A,30.1,30.8,29.5,30.3,17972
1999/07/21,B,94,94.5,93,93.5,6965
1999/07/21,C,72.5,76,71.5,75,43909
1999/07/22,A,30,30.5,29.5,29.5,15230
1999/07/22,B,93,94,92,92.5,4191
1999/07/22,C,75,75,73,73,26593
1999/07/23,A,29.5,30.4,29.5,30.2,14127
1999/07/23,B,92,93,91.5,93,3164
1999/07/23,C,72,73,72,72.5,21636
1999/07/26,A,29.9,30.4,29.5,29.6,9817
1999/07/26,B,92.5,93,91,91,3594
1999/07/26,C,73,73,70,70.5,31963
1999/07/27,A,29,29.4,28.5,28.5,15639
1999/07/27,B,91,91.5,90,90.5,6381
1999/07/27,C,70,70,67,67.5,62890
1999/07/28,A,29,29.1,28.4,28.4,13012
1999/07/28,B,91,92.5,91,91,4332
1999/07/28,C,53.5,55,53.5,54,47536
1999/07/29,A,28,28.8,27.8,27.8,12653
1999/07/29,B,91,92,90,90.5,2946
1999/07/29,C,54,54.5,53,53,26875
1999/07/30,A,27,29.3,27,28.9,14580
1999/07/30,B,90,92,89,91,3910
1999/07/30,C,50.5,53,50.5,52.5,13400
1999/07/31,A,28.9,29.2,28,28.2,12177
1999/07/31,B,92,92,90.5,90.5,2532
1999/07/31,C,52.5,53.5,52,52,14401
1999/08/02,A,28.2,28.6,27.2,27.2,7570
1999/08/02,B,90.5,91,90,90,2847
1999/08/02,C,52,52.5,50.5,50.5,12464
1999/08/03,A,27,27.2,26,26.1,12706
1999/08/03,B,89.5,91,88,89.5,4976
1999/08/03,C,50,50.5,48.9,50,22983
1999/08/04,A,26.6,26.8,26,26,11172
1999/08/04,B,90,90.5,88,88,5051
1999/08/04,C,50,51,50,50,13404
1999/08/05,A,26,26.2,24.7,24.7,15800
1999/08/05,B,87,87.5,85,85,8463
1999/08/05,C,50,50,49,49,16254
1999/08/06,A,25.3,25.3,23,23.3,17057
1999/08/06,B,86,87,83,83,10851
1999/08/06,C,49,49.6,48,48,17953
1999/08/07,A,23.3,24,22,23.8,19969
1999/08/07,B,83,85,82,85,6334
1999/08/07,C,48,50.5,48,50.5,23272
1999/08/09,A,23.9,23.9,23.4,23.8,7980
1999/08/09,B,86,86,83.5,83.5,4313
1999/08/09,C,50.5,51,50,50,11806
1999/08/10,A,23.9,25.4,23.8,25.4,25599
1999/08/10,B,83.5,85,83,85,8970
1999/08/10,C,50,52.5,50,52.5,28002
1999/08/11,A,25.5,26.1,25.1,25.8,26309
1999/08/11,B,84.5,84.5,83,83,4750
1999/08/11,C,52,52,50.5,50.5,16975
1999/08/12,A,26,27.1,26,26.8,28615
1999/08/12,B,83.5,85,83.5,84.5,4458
1999/08/12,C,51.5,52,51,51,18460
1999/08/13,A,28.6,28.6,28,28.6,32751
1999/08/13,B,90,90,89,90,15704
1999/08/13,C,54.5,54.5,52.5,53.5,35688
1999/08/16,A,30.4,30.6,30,30.6,26604
1999/08/16,B,96,96,95,96,12768
1999/08/16,C,55,57,54.5,57,52802
1999/08/17,A,32.5,32.7,31.5,32.7,78486
1999/08/17,B,101,102,98,102,41989
1999/08/17,C,57.5,58,55.5,57,50961
1999/08/18,A,33.5,34,32.9,33,69095
1999/08/18,B,104,104,100,100,19841
1999/08/18,C,57.5,58,56,56,27990
1999/08/19,A,32.5,32.8,31.8,32.1,26714
1999/08/19,B,100,100,98,99,9267
1999/08/19,C,55.5,56,55,55,14605
1999/08/20,A,32.1,33.2,32.1,33.2,29549
1999/08/20,B,99,101.5,98.5,101,11791
1999/08/20,C,55,56.5,55,56,16711
1999/08/21,A,34,35,33.5,33.7,54954
1999/08/21,B,102,105,101,101,23795
1999/08/21,C,57,58.5,57,57,34628
1999/08/23,A,33.9,34,33.1,33.3,23181
1999/08/23,B,102,102,99,99,8117
1999/08/23,C,57,57.5,56,56,11706
1999/08/24,A,33.7,34.1,32,32,21424
1999/08/24,B,100,101,98,98,8157
1999/08/24,C,57,57.5,55,55,15310
1999/08/25,A,31.5,33,31.5,32.4,22326
1999/08/25,B,98,100,97,99,8612
1999/08/25,C,55,56,54.5,55.5,14627
1999/08/26,A,32.9,33.7,32.5,32.9,28917
1999/08/26,B,99,101.5,98,98,12277
1999/08/26,C,56,56.5,55,55.5,17593
1999/08/27,A,32.4,32.9,31.8,31.9,15697
1999/08/27,B,98,98.5,96,96.5,5603
1999/08/27,C,55.5,56,55,55,12392
1999/08/30,A,32,33,31.6,31.8,19404
1999/08/30,B,96.5,97.5,94.5,95,5989
1999/08/30,C,55,56,54.5,55.5,13378
1999/08/31,A,31.5,32.3,31.4,31.8,15988
1999/08/31,B,94.5,96,94,95.5,4947
1999/08/31,C,55,56,55,55.5,12960
1999/09/01,A,32.3,33,32,32.5,20010
1999/09/01,B,95.5,98,95.5,96,6925
1999/09/01,C,55.5,58,55.5,57.5,43534
1999/09/02,A,33,33.2,31.8,32,19495
1999/09/02,B,96.5,97.5,95.5,96,6064
1999/09/02,C,58.5,59,56.5,56.5,29255
1999/09/03,A,31.9,32,30.3,30.3,22588
1999/09/03,B,96,96,94,94,4618
1999/09/03,C,56,56.5,55.5,56,17292
1999/09/04,A,30.5,31,28.5,29.2,27957
1999/09/04,B,95,95,93,93,4514
1999/09/04,C,57,57.5,55.5,55.5,12635
1999/09/06,A,29.2,29.4,28.7,28.9,14326
1999/09/06,B,93,93,92,92.5,4885
1999/09/06,C,55.5,56,55,55.5,9249
1999/09/07,A,28.9,29.2,27.9,28.1,15602
1999/09/07,B,92.5,93,90,90.5,5646
1999/09/07,C,55.5,56,54,54.5,17224
1999/09/08,A,28,28.9,27.5,28,16358
1999/09/08,B,90.5,92,90,91,4869
1999/09/08,C,54,55,53.5,53.5,17873
1999/09/09,A,28.4,29.7,28,29.7,25242
1999/09/09,B,92,94,91,93.5,6810
1999/09/09,C,53.5,54.5,53,53.5,26926
1999/09/10,A,30.2,31.7,29.8,31.7,49489
1999/09/10,B,94,95,93.5,94,5608
1999/09/10,C,54,55,53.5,54,22808
1999/09/13,A,31.9,31.9,30.5,30.5,24567
1999/09/13,B,94,94.5,93,93.5,3812
1999/09/13,C,54.5,54.5,53.5,53.5,16407
1999/09/14,A,30.4,30.9,29.7,30.5,22439
1999/09/14,B,93,93.5,92,92,3095
1999/09/14,C,54,54.5,53.5,53.5,16253
1999/09/15,A,30.6,30.7,29.7,29.7,10848
1999/09/15,B,92,92.5,91,91,2703
1999/09/15,C,54,54.5,53.5,53.5,14318
1999/09/16,A,29.1,30.4,29.1,29.5,12457
1999/09/16,B,90,92,90,92,3595
1999/09/16,C,53.5,54,53,53.5,13029
1999/09/17,A,30.5,30.7,29.7,30,17230
1999/09/17,B,91.5,92,90,90,4278
1999/09/17,C,54,54,53,53,9349
1999/09/18,A,30.4,30.7,30,30,7868
1999/09/18,B,92,92,91,91,2463
1999/09/18,C,54,54,53.5,53.5,9667
1999/09/20,A,30,30.6,30,30.3,8789
1999/09/20,B,91,91.5,90,90.5,1817
1999/09/20,C,53.5,54,53,53,6762
1999/09/27,A,29.3,29.3,29.3,29.3,370
1999/09/27,B,87.5,87.5,87.5,87.5,655
1999/09/27,C,51.5,51.5,51.5,51.5,512
1999/09/28,A,28.3,28.3,28.3,28.3,231
1999/09/28,B,84.5,84.5,84.5,84.5,450
1999/09/28,C,49.7,49.7,49.7,49.7,616
1999/09/29,A,27.4,28.3,27.4,28.3,30965
1999/09/29,B,82,82,82,82,5273
1999/09/29,C,48,49.7,48,49.7,38441
1999/09/30,A,27.9,28,27.4,27.4,27493
1999/09/30,B,82,83.5,82,82,19104
1999/09/30,C,49.2,49.5,48,48.2,27047
1999/10/01,A,27.7,28,27.3,27.3,26599
1999/10/01,B,82,83.5,82,83.5,7776
1999/10/01,C,48,49.6,48,48.8,53175
1999/10/02,A,27.4,27.8,26.4,26.5,23024
1999/10/02,B,83.5,84,82,82.5,5986
1999/10/02,C,48.9,49.5,48.4,48.6,25148
1999/10/04,A,26.5,26.5,25.6,25.9,17306
1999/10/04,B,82,83,82,82.5,4754
1999/10/04,C,48.6,48.9,48,48.3,14218
1999/10/05,A,25.9,26.3,25,25,17161
1999/10/05,B,82.5,83.5,82,82,5369
1999/10/05,C,48.5,48.7,47,47.1,22027
1999/10/06,A,24.6,24.9,24.2,24.2,16771
1999/10/06,B,82,82,80,81,6755
1999/10/06,C,46.7,47,45.6,45.7,17438
1999/10/07,A,24.5,25.8,24.5,25.8,33971
1999/10/07,B,81,83,81,82.5,5126
1999/10/07,C,46,47.7,46,46.8,20073
1999/10/08,A,25.8,26,25.1,25.4,22570
1999/10/08,B,82,82.5,80.5,80.5,5717
1999/10/08,C,47,47.2,46.4,46.5,12591
1999/10/11,A,25.7,26.4,25.7,25.9,16133
1999/10/11,B,80.5,81,80,80,4731
1999/10/11,C,46.5,47.2,46,46.3,13633
1999/10/12,A,26.3,27.2,26.1,26.8,22999
1999/10/12,B,80.5,82.5,80.5,82.5,5469
1999/10/12,C,46.6,48,46.6,47.9,19278
1999/10/13,A,26.8,27.5,26.5,27.5,20562
1999/10/13,B,82.5,83,82,82.5,4044
1999/10/13,C,48,48.5,47.5,47.6,15988
1999/10/14,A,27.3,28.2,27.1,27.6,22355
1999/10/14,B,82.5,83.5,82,83.5,6143
1999/10/14,C,46.5,47.8,46.5,47.1,18479
1999/10/15,A,27.7,28.4,27.6,27.6,17900
1999/10/15,B,83.5,84,82.5,82.5,4496
1999/10/15,C,46.6,47,46.5,46.6,16369
1999/10/16,A,27,29.2,27,28.7,44068
1999/10/16,B,82,83.5,81.5,82.5,4142
1999/10/16,C,46,47.4,46,46.8,14884
1999/10/18,A,27.8,28,27.3,27.5,15351
1999/10/18,B,82,82,81,81.5,3275
1999/10/18,C,46.3,46.5,46,46.2,9270
1999/10/19,A,27.2,27.8,27,27,8161
1999/10/19,B,81.5,81.5,80.5,80.5,3537
1999/10/19,C,46.4,46.6,46.2,46.3,8413
1999/10/20,A,27.2,27.9,27.1,27.2,14264
1999/10/20,B,80.5,81.5,80.5,81.5,5381
1999/10/20,C,46.4,46.9,46.3,46.4,8872
1999/10/21,A,28.5,28.5,27.6,27.6,27751
1999/10/21,B,82,82,80,80.5,7740
1999/10/21,C,47,47.1,46.4,46.4,7656
1999/10/22,A,27.7,27.9,27,27.5,14096
1999/10/22,B,80.5,81,80,80,4320
1999/10/22,C,46.5,46.7,46,46,8789
1999/10/25,A,27.8,29,27.7,28.4,36875
1999/10/25,B,80,82,80,81.5,5570
1999/10/25,C,46,47.2,46,46.5,12533
1999/10/26,A,28.4,29.8,28.3,29.3,52977
1999/10/26,B,81.5,82.5,81,81.5,5656
1999/10/26,C,47,47.6,46.6,46.8,14453
1999/10/27,A,29.4,30,29,29.6,43292
1999/10/27,B,81.5,82,81,81,2204
1999/10/27,C,47,47.2,46.6,46.8,6784
1999/10/28,A,29.5,29.6,29,29,18192
1999/10/28,B,81.5,81.5,80,80.5,4707
1999/10/28,C,46.8,48,46.8,47.2,18214
1999/10/29,A,29.5,29.6,28.5,29.1,20513
1999/10/29,B,81,82,80.5,82,6547
1999/10/29,C,48,48,47,47.1,11537
1999/10/30,A,29.3,29.5,28.8,29.3,20413
1999/10/30,B,82.5,83,81.5,82.5,5872
1999/10/30,C,47.5,48.4,47.3,48.4,21661
1999/11/01,A,29.5,29.6,29,29,13510
1999/11/01,B,82.5,83,81.5,81.5,4200
1999/11/01,C,48.6,48.6,47.8,47.8,11213
1999/11/02,A,28.8,29,27.8,27.8,15758
1999/11/02,B,81.5,82,80.5,80.5,3874
1999/11/02,C,47.5,47.5,47,47.1,8956
1999/11/03,A,27.8,28.3,27.3,27.3,22941
1999/11/03,B,80.5,81,80.5,80.5,2954
1999/11/03,C,47,47.3,46.5,46.5,8429
1999/11/04,A,27.3,27.5,26.3,26.6,18292
1999/11/04,B,80.5,81,80,80,6227
1999/11/04,C,46.5,47,46.1,46.1,8771
1999/11/05,A,26.6,27.5,26.2,27.4,11047
1999/11/05,B,80,80.5,80,80.5,5073
1999/11/05,C,46.1,46.5,46,46.3,7838
1999/11/06,A,27.4,27.5,26,26.4,19019
1999/11/06,B,81,81,80,80,3312
1999/11/06,C,46.5,46.6,45.6,45.6,10446
1999/11/08,A,25.9,27.1,25.9,26.7,13761
1999/11/08,B,80,80,78,79,6027
1999/11/08,C,45.5,45.7,45,45.3,9331
1999/11/09,A,26.9,26.9,26.2,26.5,5637
1999/11/09,B,79,79,78,78,4000
1999/11/09,C,45.3,45.5,45,45,7004
1999/11/10,A,26.5,27.9,26.5,26.9,27464
1999/11/10,B,78,80.5,77.5,79,5736
1999/11/10,C,45,47,45,45.6,13435
1999/11/11,A,27,27.2,26.5,26.7,12861
1999/11/11,B,79,80,78.5,79,3352
1999/11/11,C,46.4,46.4,45.6,45.8,6494
1999/11/15,A,27.3,27.3,26.2,26.2,9785
1999/11/15,B,79.5,79.5,77,77,5764
1999/11/15,C,46,46,45.3,45.4,6559
1999/11/16,A,26.3,26.6,26.1,26.6,11632
1999/11/16,B,77,78,75.5,76,8947
1999/11/16,C,45.3,45.9,45,45.3,11560
1999/11/17,A,27,27.4,26.8,26.8,15250
1999/11/17,B,76.5,77,76,76.5,5113
1999/11/17,C,45.5,46,45,45.1,12406
1999/11/18,A,27,27.7,26.9,27.4,20933
1999/11/18,B,75.5,76,75,75,7597
1999/11/18,C,45,45.9,44.5,44.8,29306
1999/11/19,A,27.9,28.5,27.9,28,30053
1999/11/19,B,75,76.5,75,76,7421
1999/11/19,C,45,46.2,45,45.6,36148
1999/11/20,A,28.8,29.1,28.2,28.4,27713
1999/11/20,B,77,77.5,77,77.5,6765
1999/11/20,C,46.3,46.9,45.6,45.6,29094
1999/11/22,A,28.8,29.4,28.4,29.1,37735
1999/11/22,B,78,80,77.5,80,9160
1999/11/22,C,46,47.6,45.7,47.4,50602
1999/11/23,A,29.5,29.8,28.5,28.7,27901
1999/11/23,B,81.5,82,80,80,7841
1999/11/23,C,48,48.3,46.5,46.7,36967
1999/11/24,A,28.2,28.7,27.2,27.2,16725
1999/11/24,B,79.5,80,78,78,5011
1999/11/24,C,46.4,46.7,45.6,45.6,22030
1999/11/25,A,27.2,27.8,26.8,27.8,19613
1999/11/25,B,78,78.5,77,77,4543
1999/11/25,C,45.6,45.8,45,45.4,17861
1999/11/26,A,27.8,29,27,27.2,51816
1999/11/26,B,77,78,75.5,76,7400
1999/11/26,C,45.4,46.4,44.3,44.4,34133
1999/11/29,A,28,29.1,27.6,29.1,47380
1999/11/29,B,76,79.5,76,78.5,8669
1999/11/29,C,45.4,46.8,45,46.1,39360
1999/11/30,A,31,31.1,29.8,29.9,156543
1999/11/30,B,78.5,79.5,77,77,5494
1999/11/30,C,46.6,47.3,45.7,45.8,35206
1999/12/01,A,29.9,30,29,29.7,45330
1999/12/01,B,78,78,77,77.5,2825
1999/12/01,C,46,46.2,45.2,45.2,14775
1999/12/02,A,29.9,30.4,29.5,30.2,42647
1999/12/02,B,78,78,77,77.5,3607
1999/12/02,C,45.6,45.9,45.2,45.3,12649
1999/12/03,A,30.7,32.3,30.5,31,177251
1999/12/03,B,78,81,77.5,80,12659
1999/12/03,C,45.5,46.5,45.5,45.7,19410
1999/12/04,A,31.6,33.1,31.2,33.1,160129
1999/12/04,B,81,81,78.5,78.5,5960
1999/12/04,C,46.5,46.9,46,46.1,35610
1999/12/06,A,33.3,33.3,31.4,31.9,70504
1999/12/06,B,78,78.5,76.5,77,8084
1999/12/06,C,46.5,46.8,45.2,45.5,18402
1999/12/07,A,32,32.9,31.5,31.6,70410
1999/12/07,B,76.5,77,75.5,75.5,7795
1999/12/07,C,45.9,45.9,45.1,45.2,15023
1999/12/08,A,32.2,33.1,31.9,32.5,80118
1999/12/08,B,75.5,76,74.5,74.5,10595
1999/12/08,C,45.7,46,45,45,20593
1999/12/09,A,32.2,32.5,30.5,30.7,57012
1999/12/09,B,74,75.5,73,74.5,9552
1999/12/09,C,44.6,45,44.5,44.6,22875
1999/12/10,A,31,31.5,30.5,30.8,44279
1999/12/10,B,75,76,74,76,5002
1999/12/10,C,44.8,45,44.6,44.6,11373
1999/12/13,A,31.2,31.9,31,31.5,35218
1999/12/13,B,76.5,77,75,75,4254
1999/12/13,C,45,45.6,44.8,44.8,20219
1999/12/14,A,32.7,33.7,32.1,33.7,129720
1999/12/14,B,75,76,74.5,74.5,4325
1999/12/14,C,45,45.7,44.8,44.9,28957
1999/12/15,A,34.3,35.8,34.3,34.8,138244
1999/12/15,B,74.5,75,73.5,73.5,4005
1999/12/15,C,44.9,45.2,44.2,44.2,23826
1999/12/16,A,34.8,34.8,32.4,32.4,68429
1999/12/16,B,73,73.5,72,72,7642
1999/12/16,C,44.1,44.3,42.6,42.6,33477
1999/12/17,A,32.8,33.4,32,32.9,46983
1999/12/17,B,72,72.5,71,71,5334
1999/12/17,C,42.5,42.5,41.2,41.7,24063
1999/12/18,A,32.7,33.5,32.7,32.9,43508
1999/12/18,B,71.5,73.5,71.5,73,7182
1999/12/18,C,41.5,42.5,41.5,41.9,18627
1999/12/20,A,33.4,33.4,32.5,32.8,23859
1999/12/20,B,73,73,71,71.5,3180
1999/12/20,C,42.3,42.7,42,42.7,15460
1999/12/21,A,33,34.6,33,34.4,61171
1999/12/21,B,71.5,73,71,73,6701
1999/12/21,C,43,45.6,43,45.6,38217
1999/12/22,A,35.2,35.2,33.1,33.2,41369
1999/12/22,B,73,73.5,71.5,72,4341
1999/12/22,C,46.6,46.7,45.2,45.3,45570
1999/12/23,A,33.5,34.7,33.5,33.8,61368
1999/12/23,B,72,74,71.5,73,9404
1999/12/23,C,46,47.5,45.7,46.5,57239
1999/12/24,A,34.1,34.7,33.8,34,52987
1999/12/24,B,73,73.5,72,72,5117
1999/12/24,C,47.4,48.2,46.5,48,65574
1999/12/27,A,34.4,35.3,34.2,35.2,72682
1999/12/27,B,72.5,73,72,73,8037
1999/12/27,C,48.2,48.8,47.5,48.2,53778
1999/12/28,A,35.7,37.2,35.7,36.5,93986
1999/12/28,B,73,76.5,73,75.5,24493
1999/12/28,C,48.8,51,48.8,50,65424
